Row #	X	Y	XY-up	XY-down
1	0.7610972	0.9265657	1.199219	1.199268
2	0.761174	0.9265657	1.199268	1.199317
3	0.7612508	0.9265657	1.199317	1.199366
4	0.7613275	0.9265657	1.199366	1.199414
5	0.7614043	0.9265657	1.199414	1.199463
6	0.761481	0.9265657	1.199463	1.199512
7	0.7615578	0.9265657	1.199512	1.199561
8	0.7616344	0.9265657	1.199561	1.199609
9	0.7617111	0.9265657	1.199609	1.199658
10	0.7617878	0.9265657	1.199658	1.199707
11	0.7618644	0.9265657	1.199707	1.199755
12	0.7619411	0.9265657	1.199755	1.199804
13	0.7620177	0.9265657	1.199804	1.199853
14	0.7620943	0.9265657	1.199853	1.199901
15	0.7621709	0.9265657	1.199901	1.19995
16	0.7622475	0.9265657	1.19995	1.199999
17	0.762324	0.9265657	1.199998	1.200047
18	0.7624006	0.9265657	1.200047	1.200096
19	0.7624771	0.9265657	1.200096	1.200144
20	0.7625536	0.9265657	1.200144	1.200193
21	0.76263	0.9265657	1.200193	1.200242
22	0.7627066	0.9265657	1.200242	1.20029
23	0.762783	0.9265657	1.20029	1.200339
24	0.7628595	0.9265657	1.200339	1.200387
25	0.7629359	0.9265657	1.200387	1.200436
26	0.7630123	0.9265657	1.200436	1.200485
27	0.7630886	0.9265657	1.200485	1.200533
28	0.7631651	0.9265657	1.200533	1.200582
29	0.7632415	0.9265657	1.200582	1.20063
30	0.7633178	0.9265657	1.20063	1.200679
31	0.7633941	0.9265657	1.200679	1.200727
32	0.7634704	0.9265657	1.200727	1.200776
33	0.7635467	0.9265657	1.200776	1.200824
34	0.763623	0.9265657	1.200824	1.200873
35	0.7636992	0.9265657	1.200873	1.200921
36	0.7637755	0.9265657	1.200921	1.20097
37	0.7638518	0.9265657	1.20097	1.201018
38	0.7639279	0.9265657	1.201018	1.201067
39	0.7640041	0.9265657	1.201067	1.201115
40	0.7640803	0.9265657	1.201115	1.201164
41	0.7641565	0.9265657	1.201164	1.201212
42	0.7642326	0.9265657	1.201212	1.20126
43	0.7643088	0.9265657	1.20126	1.201309
44	0.7643849	0.9265657	1.201309	1.201357
45	0.764461	0.9265657	1.201357	1.201406
46	0.7645371	0.9265657	1.201406	1.201454
47	0.7646132	0.9265657	1.201454	1.201503
48	0.7646892	0.9265657	1.201503	1.201551
49	0.7647653	0.9265657	1.201551	1.201599
50	0.7648413	0.9265657	1.201599	1.201648
51	0.7649173	0.9265657	1.201648	1.201696
52	0.7649933	0.9265657	1.201696	1.201745
53	0.7650692	0.9265657	1.201745	1.201793
54	0.7651452	0.9265657	1.201793	1.201841
55	0.7652211	0.9265657	1.201841	1.20189
56	0.7652971	0.9265657	1.20189	1.201938
57	0.765373	0.9265657	1.201938	1.201986
58	0.7654489	0.9265657	1.201986	1.202034
59	0.7655248	0.9265657	1.202034	1.202083
60	0.7656006	0.9265657	1.202083	1.202131
61	0.7656765	0.9265657	1.202131	1.202179
62	0.7657523	0.9265657	1.202179	1.202228
63	0.7658281	0.9265657	1.202228	1.202276
64	0.7659039	0.9265657	1.202276	1.202324
65	0.7659797	0.9265657	1.202324	1.202373
66	0.7660555	0.9265657	1.202373	1.202421
67	0.7661312	0.9265657	1.202421	1.202469
68	0.7662069	0.9265657	1.202469	1.202517
69	0.7662826	0.9265657	1.202517	1.202566
70	0.7663583	0.9265657	1.202566	1.202614
71	0.766434	0.9265657	1.202614	1.202662
72	0.7665097	0.9265657	1.202662	1.20271
73	0.7665854	0.9265657	1.20271	1.202759
74	0.766661	0.9265657	1.202759	1.202807
75	0.7667366	0.9265657	1.202807	1.202855
76	0.7668122	0.9265657	1.202855	1.202903
77	0.7668878	0.9265657	1.202903	1.202951
78	0.7669634	0.9265657	1.202951	1.202999
79	0.7670389	0.9265657	1.202999	1.203048
80	0.7671145	0.9265657	1.203048	1.203096
81	0.7671899	0.9265657	1.203096	1.203144
82	0.7672655	0.9265657	1.203144	1.203192
83	0.7673409	0.9265657	1.203192	1.20324
84	0.7674164	0.9265657	1.20324	1.203288
85	0.7674919	0.9265657	1.203288	1.203336
86	0.7675673	0.9265657	1.203336	1.203385
87	0.7676427	0.9265657	1.203385	1.203433
88	0.7677181	0.9265657	1.203433	1.203481
89	0.7677935	0.9265657	1.203481	1.203529
90	0.7678689	0.9265657	1.203529	1.203577
91	0.7679443	0.9265657	1.203577	1.203625
92	0.7680196	0.9265657	1.203625	1.203673
93	0.768095	0.9265657	1.203673	1.203721
94	0.7681702	0.9265657	1.203721	1.203769
95	0.7682455	0.9265657	1.203769	1.203817
96	0.7683208	0.9265657	1.203817	1.203865
97	0.7683961	0.9265657	1.203865	1.203913
98	0.7684713	0.9265657	1.203913	1.203961
99	0.7685465	0.9265657	1.203961	1.204009
100	0.7686217	0.9265657	1.204009	1.204057
101	0.768697	0.9265657	1.204057	1.204105
102	0.7687721	0.9265657	1.204105	1.204153
103	0.7688473	0.9265657	1.204153	1.204201
104	0.7689224	0.9265657	1.204201	1.204249
105	0.7689976	0.9265657	1.204249	1.204297
106	0.7690727	0.9265657	1.204297	1.204345
107	0.7691478	0.9265657	1.204345	1.204393
108	0.7692229	0.9265657	1.204393	1.204441
109	0.7692979	0.9265657	1.204441	1.204489
110	0.769373	0.9265657	1.204489	1.204537
111	0.769448	0.9265657	1.204537	1.204585
112	0.769523	0.9265657	1.204585	1.204633
113	0.769598	0.9265657	1.204633	1.204681
114	0.769673	0.9265657	1.204681	1.204729
115	0.769748	0.9265657	1.204729	1.204777
116	0.7698229	0.9265657	1.204777	1.204824
117	0.7698978	0.9265657	1.204824	1.204872
118	0.7699728	0.9265657	1.204872	1.20492
119	0.7700477	0.9265657	1.20492	1.204968
120	0.7701225	0.9265657	1.204968	1.205016
121	0.7701975	0.9265657	1.205016	1.205064
122	0.7702723	0.9265657	1.205064	1.205112
123	0.7703471	0.9265657	1.205112	1.205159
124	0.7704219	0.9265657	1.205159	1.205207
125	0.7704967	0.9265657	1.205207	1.205255
126	0.7705715	0.9265657	1.205255	1.205303
127	0.7706463	0.9265657	1.205303	1.205351
128	0.7707211	0.9265657	1.205351	1.205398
129	0.7707958	0.9265657	1.205398	1.205446
130	0.7708705	0.9265657	1.205446	1.205494
131	0.7709453	0.9265657	1.205494	1.205542
132	0.7710199	0.9265657	1.205542	1.20559
133	0.7710946	0.9265657	1.20559	1.205637
134	0.7711692	0.9265657	1.205637	1.205685
135	0.7712439	0.9265657	1.205685	1.205733
136	0.7713185	0.9265657	1.205733	1.205781
137	0.7713931	0.9265657	1.205781	1.205828
138	0.7714677	0.9265657	1.205828	1.205876
139	0.7715423	0.9265657	1.205876	1.205924
140	0.7716168	0.9265657	1.205924	1.205971
141	0.7716914	0.9265657	1.205971	1.206019
142	0.7717659	0.9265657	1.206019	1.206067
143	0.7718405	0.9265657	1.206067	1.206114
144	0.7719149	0.9265657	1.206114	1.206162
145	0.7719894	0.9265657	1.206162	1.20621
146	0.7720639	0.9265657	1.20621	1.206257
147	0.7721383	0.9265657	1.206257	1.206305
148	0.7722127	0.9265657	1.206305	1.206353
149	0.7722872	0.9265657	1.206353	1.2064
150	0.7723616	0.9265657	1.2064	1.206448
151	0.772436	0.9265657	1.206448	1.206496
152	0.7725103	0.9265657	1.206496	1.206543
153	0.7725847	0.9265657	1.206543	1.206591
154	0.7726589	0.9265657	1.206591	1.206638
155	0.7727333	0.9265657	1.206638	1.206686
156	0.7728076	0.9265657	1.206686	1.206734
157	0.7728819	0.9265657	1.206734	1.206781
158	0.7729561	0.9265657	1.206781	1.206829
159	0.7730304	0.9265657	1.206829	1.206876
160	0.7731046	0.9265657	1.206876	1.206924
161	0.7731788	0.9265657	1.206924	1.206971
162	0.773253	0.9265657	1.206971	1.207019
163	0.7733272	0.9265657	1.207019	1.207066
164	0.7734014	0.9265657	1.207066	1.207114
165	0.7734756	0.9265657	1.207114	1.207161
166	0.7735497	0.9265657	1.207161	1.207209
167	0.7736238	0.9265657	1.207209	1.207256
168	0.7736979	0.9265657	1.207256	1.207304
169	0.773772	0.9265657	1.207304	1.207351
170	0.7738461	0.9265657	1.207351	1.207399
171	0.7739201	0.9265657	1.207399	1.207446
172	0.7739941	0.9265657	1.207446	1.207494
173	0.7740681	0.9265657	1.207494	1.207541
174	0.7741422	0.9265657	1.207541	1.207589
175	0.7742162	0.9265657	1.207589	1.207636
176	0.7742901	0.9265657	1.207636	1.207683
177	0.7743641	0.9265657	1.207683	1.207731
178	0.774438	0.9265657	1.207731	1.207778
179	0.7745119	0.9265657	1.207778	1.207826
180	0.7745858	0.9265657	1.207826	1.207873
181	0.7746598	0.9265657	1.207873	1.207921
182	0.7747336	0.9265657	1.207921	1.207968
183	0.7748075	0.9265657	1.207968	1.208015
184	0.7748813	0.9265657	1.208015	1.208063
185	0.7749552	0.9265657	1.208063	1.20811
186	0.7750289	0.9265657	1.20811	1.208157
187	0.7751027	0.9265657	1.208157	1.208205
188	0.7751765	0.9265657	1.208205	1.208252
189	0.7752503	0.9265657	1.208252	1.208299
190	0.775324	0.9265657	1.208299	1.208347
191	0.7753978	0.9265657	1.208347	1.208394
192	0.7754714	0.9265657	1.208394	1.208441
193	0.7755451	0.9265657	1.208441	1.208488
194	0.7756188	0.9265657	1.208488	1.208536
195	0.7756925	0.9265657	1.208536	1.208583
196	0.7757661	0.9265657	1.208583	1.20863
197	0.7758397	0.9265657	1.20863	1.208678
198	0.7759134	0.9265657	1.208678	1.208725
199	0.775987	0.9265657	1.208725	1.208772
200	0.7760605	0.9265657	1.208772	1.208819
201	0.7761341	0.9265657	1.208819	1.208866
202	0.7762076	0.9265657	1.208866	1.208914
203	0.7762812	0.9265657	1.208914	1.208961
204	0.7763547	0.9265657	1.208961	1.209008
205	0.7764282	0.9265657	1.209008	1.209055
206	0.7765017	0.9265657	1.209055	1.209103
207	0.7765751	0.9265657	1.209103	1.20915
208	0.7766486	0.9265657	1.20915	1.209197
209	0.776722	0.9265657	1.209197	1.209244
210	0.7767954	0.9265657	1.209244	1.209291
211	0.7768688	0.9265657	1.209291	1.209338
212	0.7769422	0.9265657	1.209338	1.209386
213	0.7770156	0.9265657	1.209386	1.209433
214	0.7770889	0.9265657	1.209433	1.20948
215	0.7771623	0.9265657	1.20948	1.209527
216	0.7772355	0.9265657	1.209527	1.209574
217	0.7773089	0.9265657	1.209574	1.209621
218	0.7773821	0.9265657	1.209621	1.209668
219	0.7774554	0.9265657	1.209668	1.209715
220	0.7775286	0.9265657	1.209715	1.209762
221	0.7776018	0.9265657	1.209762	1.209809
222	0.7776751	0.9265657	1.209809	1.209856
223	0.7777483	0.9265657	1.209856	1.209903
224	0.7778215	0.9265657	1.209903	1.20995
225	0.7778946	0.9265657	1.20995	1.209998
226	0.7779678	0.9265657	1.209998	1.210045
227	0.7780409	0.9265657	1.210045	1.210092
228	0.778114	0.9265657	1.210092	1.210139
229	0.7781872	0.9265657	1.210139	1.210186
230	0.7782602	0.9265657	1.210186	1.210233
231	0.7783332	0.9265657	1.210232	1.210279
232	0.7784063	0.9265657	1.210279	1.210327
233	0.7784794	0.9265657	1.210327	1.210374
234	0.7785524	0.9265657	1.210374	1.21042
235	0.7786254	0.9265657	1.21042	1.210467
236	0.7786984	0.9265657	1.210467	1.210514
237	0.7787713	0.9265657	1.210514	1.210561
238	0.7788443	0.9265657	1.210561	1.210608
239	0.7789173	0.9265657	1.210608	1.210655
240	0.7789901	0.9265657	1.210655	1.210702
241	0.779063	0.9265657	1.210702	1.210749
242	0.7791359	0.9265657	1.210749	1.210796
243	0.7792088	0.9265657	1.210796	1.210843
244	0.7792817	0.9265657	1.210843	1.21089
245	0.7793545	0.9265657	1.21089	1.210937
246	0.7794273	0.9265657	1.210937	1.210983
247	0.7795001	0.9265657	1.210983	1.21103
248	0.7795729	0.9265657	1.21103	1.211077
249	0.7796457	0.9265657	1.211077	1.211124
250	0.7797184	0.9265657	1.211124	1.211171
251	0.7797912	0.9265657	1.211171	1.211218
252	0.779864	0.9265657	1.211218	1.211264
253	0.7799366	0.9265657	1.211264	1.211311
254	0.7800093	0.9265657	1.211311	1.211358
255	0.780082	0.9265657	1.211358	1.211405
256	0.7801546	0.9265657	1.211405	1.211452
257	0.7802272	0.9265657	1.211452	1.211498
258	0.7802999	0.9265657	1.211498	1.211545
259	0.7803725	0.9265657	1.211545	1.211592
260	0.7804451	0.9265657	1.211592	1.211639
261	0.7805176	0.9265657	1.211639	1.211685
262	0.7805902	0.9265657	1.211685	1.211732
263	0.7806628	0.9265657	1.211732	1.211779
264	0.7807353	0.9265657	1.211779	1.211826
265	0.7808078	0.9265657	1.211825	1.211872
266	0.7808803	0.9265657	1.211872	1.211919
267	0.7809528	0.9265657	1.211919	1.211966
268	0.7810252	0.9265657	1.211966	1.212012
269	0.7810977	0.9265657	1.212012	1.212059
270	0.7811701	0.9265657	1.212059	1.212106
271	0.7812425	0.9265657	1.212106	1.212152
272	0.7813149	0.9265657	1.212152	1.212199
273	0.7813873	0.9265657	1.212199	1.212246
274	0.7814596	0.9265657	1.212246	1.212292
275	0.781532	0.9265657	1.212292	1.212339
276	0.7816043	0.9265657	1.212339	1.212386
277	0.7816766	0.9265657	1.212386	1.212432
278	0.7817488	0.9265657	1.212432	1.212479
279	0.7818212	0.9265657	1.212479	1.212525
280	0.7818934	0.9265657	1.212525	1.212572
281	0.7819657	0.9265657	1.212572	1.212618
282	0.7820379	0.9265657	1.212618	1.212665
283	0.7821101	0.9265657	1.212665	1.212712
284	0.7821823	0.9265657	1.212712	1.212758
285	0.7822545	0.9265657	1.212758	1.212805
286	0.7823266	0.9265657	1.212805	1.212851
287	0.7823988	0.9265657	1.212851	1.212898
288	0.7824709	0.9265657	1.212898	1.212944
289	0.782543	0.9265657	1.212944	1.212991
290	0.7826151	0.9265657	1.212991	1.213037
291	0.7826872	0.9265657	1.213037	1.213084
292	0.7827592	0.9265657	1.213084	1.21313
293	0.7828313	0.9265657	1.21313	1.213177
294	0.7829033	0.9265657	1.213177	1.213223
295	0.7829753	0.9265657	1.213223	1.21327
296	0.7830473	0.9265657	1.21327	1.213316
297	0.7831193	0.9265657	1.213316	1.213363
298	0.7831913	0.9265657	1.213363	1.213409
299	0.7832632	0.9265657	1.213409	1.213456
300	0.7833351	0.9265657	1.213456	1.213502
301	0.783407	0.9265657	1.213502	1.213549
302	0.783479	0.9265657	1.213549	1.213595
303	0.7835509	0.9265657	1.213595	1.213641
304	0.7836227	0.9265657	1.213641	1.213688
305	0.7836946	0.9265657	1.213688	1.213734
306	0.7837663	0.9265657	1.213734	1.21378
307	0.7838382	0.9265657	1.21378	1.213827
308	0.78391	0.9265657	1.213827	1.213873
309	0.7839817	0.9265657	1.213873	1.21392
310	0.7840535	0.9265657	1.21392	1.213966
311	0.7841252	0.9265657	1.213966	1.214012
312	0.784197	0.9265657	1.214012	1.214059
313	0.7842687	0.9265657	1.214059	1.214105
314	0.7843404	0.9265657	1.214105	1.214151
315	0.7844121	0.9265657	1.214151	1.214197
316	0.7844837	0.9265657	1.214197	1.214244
317	0.7845554	0.9265657	1.214244	1.21429
318	0.784627	0.9265657	1.21429	1.214336
319	0.7846986	0.9265657	1.214336	1.214383
320	0.7847703	0.9265657	1.214383	1.214429
321	0.7848418	0.9265657	1.214429	1.214475
322	0.7849134	0.9265657	1.214475	1.214521
323	0.7849849	0.9265657	1.214521	1.214568
324	0.7850565	0.9265657	1.214568	1.214614
325	0.7851279	0.9265657	1.214614	1.21466
326	0.7851995	0.9265657	1.21466	1.214706
327	0.7852709	0.9265657	1.214706	1.214752
328	0.7853424	0.9265657	1.214752	1.214799
329	0.7854139	0.9265657	1.214799	1.214845
330	0.7854853	0.9265657	1.214845	1.214891
331	0.7855567	0.9265657	1.214891	1.214775
332	0.7856281	0.9265657	1.214937	1.214822
333	0.7856994	0.9265657	1.214822	1.214868
334	0.7857708	0.9265657	1.214868	1.214914
335	0.7858422	0.9265657	1.214914	1.21496
336	0.7859135	0.9265657	1.21496	1.215006
337	0.7859848	0.9265657	1.215006	1.215052
338	0.7860562	0.9265657	1.215052	1.215099
339	0.7861274	0.9265657	1.215099	1.215145
340	0.7861987	0.9265657	1.215145	1.215191
341	0.7862699	0.9265657	1.215191	1.215237
342	0.7863411	0.9265657	1.215237	1.215283
343	0.7864124	0.9265657	1.215283	1.215329
344	0.7864836	0.9265657	1.215329	1.215375
345	0.7865548	0.9265657	1.215375	1.215421
346	0.7866259	0.9265657	1.215421	1.215467
347	0.7866971	0.9265657	1.215467	1.215513
348	0.7867682	0.9265657	1.215513	1.215559
349	0.7868393	0.9265657	1.215559	1.215605
350	0.7869104	0.9265657	1.215605	1.215651
351	0.7869815	0.9265657	1.215651	1.215697
352	0.7870526	0.9265657	1.215697	1.215743
353	0.7871236	0.9265657	1.215743	1.215789
354	0.7871946	0.9265657	1.215789	1.215835
355	0.7872657	0.9265657	1.215835	1.215881
356	0.7873366	0.9265657	1.215881	1.215927
357	0.7874076	0.9265657	1.215927	1.215973
358	0.7874786	0.9265657	1.215973	1.216019
359	0.7875496	0.9265657	1.216019	1.216065
360	0.7876205	0.9265657	1.216065	1.216111
361	0.7876914	0.9265657	1.216111	1.216157
362	0.7877623	0.9265657	1.216157	1.216203
363	0.7878332	0.9265657	1.216203	1.216249
364	0.787904	0.9265657	1.216249	1.216295
365	0.7879749	0.9265657	1.216295	1.216341
366	0.7880457	0.9265657	1.216341	1.216386
367	0.7881165	0.9265657	1.216386	1.216432
368	0.7881873	0.9265657	1.216432	1.216478
369	0.7882581	0.9265657	1.216478	1.216524
370	0.7883289	0.9265657	1.216524	1.21657
371	0.7883996	0.9265657	1.21657	1.216616
372	0.7884703	0.9265657	1.216616	1.216661
373	0.7885411	0.9265657	1.216661	1.216707
374	0.7886118	0.9265657	1.216707	1.216753
375	0.7886825	0.9265657	1.216753	1.216799
376	0.7887531	0.9265657	1.216799	1.216845
377	0.7888238	0.9265657	1.216845	1.21689
378	0.7888944	0.9265657	1.21689	1.216936
379	0.788965	0.9265657	1.216936	1.216982
380	0.7890356	0.9265657	1.216982	1.217028
381	0.7891062	0.9265657	1.217028	1.217074
382	0.7891768	0.9265657	1.217074	1.217119
383	0.7892473	0.9265657	1.217119	1.217165
384	0.7893178	0.9265657	1.217165	1.217211
385	0.7893883	0.9265657	1.217211	1.217257
386	0.7894588	0.9265657	1.217257	1.217302
387	0.7895293	0.9265657	1.217302	1.217348
388	0.7895998	0.9265657	1.217348	1.217394
389	0.7896702	0.9265657	1.217394	1.217439
390	0.7897406	0.9265657	1.217439	1.217485
391	0.7898111	0.9265657	1.217485	1.217531
392	0.7898815	0.9265657	1.217531	1.217576
393	0.7899518	0.9265657	1.217576	1.217622
394	0.7900223	0.9265657	1.217622	1.217668
395	0.7900926	0.9265657	1.217668	1.217713
396	0.7901629	0.9265657	1.217713	1.217759
397	0.7902332	0.9265657	1.217759	1.217805
398	0.7903035	0.9265657	1.217805	1.21785
399	0.7903738	0.9265657	1.21785	1.217896
400	0.7904441	0.9265657	1.217896	1.217941
401	0.7905143	0.9265657	1.217941	1.217987
402	0.7905846	0.9265657	1.217987	1.218033
403	0.7906548	0.9265657	1.218033	1.218078
404	0.7907249	0.9265657	1.218078	1.218124
405	0.7907951	0.9265657	1.218124	1.218169
406	0.7908652	0.9265657	1.218169	1.218215
407	0.7909355	0.9265657	1.218215	1.21826
408	0.7910056	0.9265657	1.21826	1.218306
409	0.7910757	0.9265657	1.218306	1.218351
410	0.7911458	0.9265657	1.218351	1.218397
411	0.7912159	0.9265657	1.218397	1.218442
412	0.7912859	0.9265657	1.218442	1.218488
413	0.791356	0.9265657	1.218488	1.218533
414	0.791426	0.9265657	1.218533	1.218579
415	0.791496	0.9265657	1.218579	1.218624
416	0.791566	0.9265657	1.218624	1.21867
417	0.791636	0.9265657	1.21867	1.218715
418	0.791706	0.9265657	1.218715	1.218761
419	0.7917759	0.9265657	1.218761	1.218806
420	0.7918458	0.9265657	1.218806	1.218852
421	0.7919157	0.9265657	1.218852	1.218897
422	0.7919856	0.9265657	1.218897	1.218942
423	0.7920555	0.9265657	1.218942	1.218988
424	0.7921254	0.9265657	1.218988	1.219033
425	0.7921952	0.9265657	1.219033	1.219079
426	0.7922651	0.9265657	1.219079	1.219124
427	0.7923349	0.9265657	1.219124	1.219169
428	0.7924047	0.9265657	1.219169	1.219215
429	0.7924744	0.9265657	1.219215	1.21926
430	0.7925442	0.9265657	1.21926	1.219305
431	0.7926139	0.9265657	1.219305	1.219351
432	0.7926837	0.9265657	1.219351	1.219396
433	0.7927533	0.9265657	1.219396	1.219441
434	0.7928231	0.9265657	1.219441	1.219487
435	0.7928928	0.9265657	1.219487	1.219532
436	0.7929624	0.9265657	1.219532	1.219577
437	0.7930321	0.9265657	1.219577	1.219622
438	0.7931017	0.9265657	1.219622	1.219668
439	0.7931713	0.9265657	1.219668	1.219713
440	0.7932409	0.9265657	1.219713	1.219758
441	0.7933105	0.9265657	1.219758	1.219804
442	0.79338	0.9265657	1.219804	1.219849
443	0.7934496	0.9265657	1.219849	1.219894
444	0.7935191	0.9265657	1.219894	1.219939
445	0.7935886	0.9265657	1.219939	1.219984
446	0.7936581	0.9265657	1.219984	1.22003
447	0.7937276	0.9265657	1.22003	1.220075
448	0.793797	0.9265657	1.220075	1.22012
449	0.7938665	0.9265657	1.22012	1.220165
450	0.7939359	0.9265657	1.220165	1.22021
451	0.7940053	0.9265657	1.22021	1.220255
452	0.7940747	0.9265657	1.220255	1.220301
453	0.794144	0.9265657	1.220301	1.220346
454	0.7942135	0.9265657	1.220346	1.220391
455	0.7942828	0.9265657	1.220391	1.220436
456	0.7943521	0.9265657	1.220436	1.220481
457	0.7944214	0.9265657	1.220481	1.220526
458	0.7944908	0.9265657	1.220526	1.220571
459	0.79456	0.9265657	1.220571	1.220616
460	0.7946292	0.9265657	1.220616	1.220662
461	0.7946985	0.9265657	1.220662	1.220707
462	0.7947677	0.9265657	1.220707	1.220752
463	0.7948369	0.9265657	1.220752	1.220797
464	0.7949061	0.9265657	1.220797	1.220842
465	0.7949752	0.9265657	1.220842	1.220887
466	0.7950444	0.9265657	1.220887	1.220932
467	0.7951136	0.9265657	1.220932	1.220977
468	0.7951827	0.9265657	1.220977	1.221022
469	0.7952518	0.9265657	1.221022	1.221067
470	0.7953209	0.9265657	1.221067	1.221112
471	0.79539	0.9265657	1.221112	1.221157
472	0.795459	0.9265657	1.221157	1.221202
473	0.7955281	0.9265657	1.221202	1.221247
474	0.7955971	0.9265657	1.221247	1.221292
475	0.7956661	0.9265657	1.221292	1.221337
476	0.7957351	0.9265657	1.221337	1.221382
477	0.795804	0.9265657	1.221382	1.221427
478	0.795873	0.9265657	1.221427	1.221471
479	0.7959419	0.9265657	1.221471	1.221516
480	0.7960109	0.9265657	1.221516	1.221561
481	0.7960798	0.9265657	1.221561	1.221606
482	0.7961487	0.9265657	1.221606	1.221651
483	0.7962175	0.9265657	1.221651	1.221696
484	0.7962864	0.9265657	1.221696	1.221741
485	0.7963552	0.9265657	1.221741	1.221786
486	0.796424	0.9265657	1.221786	1.221831
487	0.7964929	0.9265657	1.221831	1.221875
488	0.7965617	0.9265657	1.221875	1.22192
489	0.7966304	0.9265657	1.22192	1.221965
490	0.7966992	0.9265657	1.221965	1.22201
491	0.7967679	0.9265657	1.22201	1.222055
492	0.7968366	0.9265657	1.222055	1.2221
493	0.7969053	0.9265657	1.2221	1.222144
494	0.7969739	0.9265657	1.222144	1.222189
495	0.7970427	0.9265657	1.222189	1.222234
496	0.7971113	0.9265657	1.222234	1.222279
497	0.79718	0.9265657	1.222279	1.222323
498	0.7972485	0.9265657	1.222323	1.222368
499	0.7973172	0.9265657	1.222368	1.222413
500	0.7973858	0.9265657	1.222413	1.222458
501	0.7974543	0.9265657	1.222458	1.222502
502	0.7975229	0.9265657	1.222502	1.222547
503	0.7975914	0.9265657	1.222547	1.222592
504	0.7976599	0.9265657	1.222592	1.222636
505	0.7977284	0.9265657	1.222636	1.222681
506	0.7977969	0.9265657	1.222681	1.222726
507	0.7978654	0.9265657	1.222726	1.22277
508	0.7979338	0.9265657	1.22277	1.222815
509	0.7980022	0.9265657	1.222815	1.22286
510	0.7980707	0.9265657	1.22286	1.222904
511	0.7981391	0.9265657	1.222904	1.222949
512	0.7982075	0.9265657	1.222949	1.222994
513	0.7982758	0.9265657	1.222994	1.223038
514	0.7983442	0.9265657	1.223038	1.223083
515	0.7984125	0.9265657	1.223083	1.223127
516	0.7984808	0.9265657	1.223127	1.223172
517	0.7985491	0.9265657	1.223172	1.223217
518	0.7986174	0.9265657	1.223217	1.223261
519	0.7986857	0.9265657	1.223261	1.223306
520	0.7987539	0.9265657	1.223306	1.22335
521	0.7988222	0.9265657	1.22335	1.223395
522	0.7988904	0.9265657	1.223395	1.223439
523	0.7989585	0.9265657	1.223439	1.223484
524	0.7990267	0.9265657	1.223484	1.223529
525	0.7990949	0.9265657	1.223529	1.223573
526	0.799163	0.9265657	1.223573	1.223618
527	0.7992312	0.9265657	1.223618	1.223662
528	0.7992993	0.9265657	1.223662	1.223706
529	0.7993674	0.9265657	1.223706	1.223751
530	0.7994354	0.9265657	1.223751	1.223796
531	0.7995035	0.9265657	1.223796	1.22384
532	0.7995716	0.9265657	1.22384	1.223884
533	0.7996396	0.9265657	1.223884	1.223929
534	0.7997076	0.9265657	1.223929	1.223973
535	0.7997756	0.9265657	1.223973	1.224018
536	0.7998435	0.9265657	1.224018	1.224062
537	0.7999115	0.9265657	1.224062	1.224107
538	0.7999794	0.9265657	1.224107	1.224151
539	0.8000474	0.9265657	1.224151	1.224195
540	0.8001153	0.9265657	1.224195	1.22424
541	0.8001832	0.9265657	1.22424	1.224284
542	0.8002511	0.9265657	1.224284	1.224328
543	0.8003189	0.9265657	1.224328	1.224373
544	0.8003868	0.9265657	1.224373	1.224417
545	0.8004546	0.9265657	1.224417	1.224461
546	0.8005224	0.9265657	1.224461	1.224506
547	0.8005902	0.9265657	1.224506	1.22455
548	0.8006579	0.9265657	1.22455	1.224594
549	0.8007257	0.9265657	1.224594	1.224639
550	0.8007935	0.9265657	1.224639	1.224683
551	0.8008612	0.9265657	1.224683	1.224727
552	0.8009289	0.9265657	1.224727	1.224771
553	0.8009965	0.9265657	1.224771	1.224816
554	0.8010643	0.9265657	1.224816	1.22486
555	0.8011318	0.9265657	1.22486	1.224904
556	0.8011996	0.9265657	1.224904	1.224948
557	0.8012671	0.9265657	1.224948	1.224993
558	0.8013347	0.9265657	1.224993	1.225037
559	0.8014024	0.9265657	1.225037	1.225081
560	0.8014699	0.9265657	1.225081	1.225125
561	0.8015375	0.9265657	1.225125	1.22517
562	0.801605	0.9265657	1.22517	1.225214
563	0.8016725	0.9265657	1.225214	1.225258
564	0.8017401	0.9265657	1.225258	1.225302
565	0.8018075	0.9265657	1.225302	1.225346
566	0.801875	0.9265657	1.225346	1.22539
567	0.8019424	0.9265657	1.22539	1.225435
568	0.8020099	0.9265657	1.225435	1.225479
569	0.8020773	0.9265657	1.225479	1.225523
570	0.8021447	0.9265657	1.225523	1.225567
571	0.8022121	0.9265657	1.225567	1.225611
572	0.8022794	0.9265657	1.225611	1.225655
573	0.8023468	0.9265657	1.225655	1.225699
574	0.8024141	0.9265657	1.225699	1.225743
575	0.8024814	0.9265657	1.225743	1.225787
576	0.8025487	0.9265657	1.225787	1.225831
577	0.802616	0.9265657	1.225831	1.225875
578	0.8026832	0.9265657	1.225875	1.225919
579	0.8027505	0.9265657	1.225919	1.225963
580	0.8028178	0.9265657	1.225963	1.226007
581	0.8028849	0.9265657	1.226007	1.226051
582	0.8029522	0.9265657	1.226051	1.226095
583	0.8030193	0.9265657	1.226095	1.226139
584	0.8030865	0.9265657	1.226139	1.226183
585	0.8031536	0.9265657	1.226183	1.226227
586	0.8032207	0.9265657	1.226227	1.226271
587	0.8032879	0.9265657	1.226271	1.226315
588	0.803355	0.9265657	1.226315	1.226359
589	0.803422	0.9265657	1.226359	1.226403
590	0.8034891	0.9265657	1.226403	1.226447
591	0.8035561	0.9265657	1.226447	1.226491
592	0.8036232	0.9265657	1.226491	1.226535
593	0.8036902	0.9265657	1.226535	1.226579
594	0.8037572	0.9265657	1.226579	1.226623
595	0.8038242	0.9265657	1.226623	1.226667
596	0.8038911	0.9265657	1.226667	1.22671
597	0.8039581	0.9265657	1.22671	1.226754
598	0.804025	0.9265657	1.226754	1.226798
599	0.8040919	0.9265657	1.226798	1.226842
600	0.8041588	0.9265657	1.226842	1.226886
601	0.8042257	0.9265657	1.226886	1.22693
602	0.8042925	0.9265657	1.22693	1.226974
603	0.8043593	0.9265657	1.226974	1.227017
604	0.8044262	0.9265657	1.227017	1.227061
605	0.804493	0.9265657	1.227061	1.227105
606	0.8045598	0.9265657	1.227105	1.227149
607	0.8046265	0.9265657	1.227149	1.227193
608	0.8046933	0.9265657	1.227193	1.227236
609	0.80476	0.9265657	1.227236	1.22728
610	0.8048267	0.9265657	1.22728	1.227324
611	0.8048935	0.9265657	1.227324	1.227368
612	0.8049601	0.9265657	1.227368	1.227411
613	0.8050268	0.9265657	1.227411	1.227455
614	0.8050935	0.9265657	1.227455	1.227499
615	0.80516	0.9265657	1.227499	1.227542
616	0.8052267	0.9265657	1.227542	1.227586
617	0.8052933	0.9265657	1.227586	1.22763
618	0.8053599	0.9265657	1.22763	1.227673
619	0.8054264	0.9265657	1.227673	1.227717
620	0.805493	0.9265657	1.227717	1.227761
621	0.8055596	0.9265657	1.227761	1.227804
622	0.805626	0.9265657	1.227804	1.227848
623	0.8056926	0.9265657	1.227848	1.227892
624	0.805759	0.9265657	1.227892	1.227935
625	0.8058255	0.9265657	1.227935	1.227979
626	0.805892	0.9265657	1.227979	1.228023
627	0.8059583	0.9265657	1.228023	1.228066
628	0.8060248	0.9265657	1.228066	1.22811
629	0.8060912	0.9265657	1.22811	1.228153
630	0.8061576	0.9265657	1.228153	1.228197
631	0.806224	0.9265657	1.228197	1.22824
632	0.8062903	0.9265657	1.22824	1.228284
633	0.8063566	0.9265657	1.228284	1.228328
634	0.8064229	0.9265657	1.228328	1.228371
635	0.8064892	0.9265657	1.228371	1.228415
636	0.8065554	0.9265657	1.228415	1.228458
637	0.8066217	0.9265657	1.228458	1.228502
638	0.8066881	0.9265657	1.228502	1.228545
639	0.8067542	0.9265657	1.228545	1.228588
640	0.8068204	0.9265657	1.228588	1.228632
641	0.8068866	0.9265657	1.228632	1.228675
642	0.8069528	0.9265657	1.228675	1.228719
643	0.807019	0.9265657	1.228719	1.228762
644	0.8070851	0.9265657	1.228762	1.228806
645	0.8071513	0.9265657	1.228806	1.228849
646	0.8072174	0.9265657	1.228849	1.228893
647	0.8072835	0.9265657	1.228893	1.228936
648	0.8073496	0.9265657	1.228936	1.228979
649	0.8074155	0.9265657	1.228979	1.229023
650	0.8074816	0.9265657	1.229023	1.229066
651	0.8075476	0.9265657	1.229066	1.22911
652	0.8076136	0.9265657	1.22911	1.229153
653	0.8076796	0.9265657	1.229153	1.229196
654	0.8077456	0.9265657	1.229196	1.22924
655	0.8078115	0.9265657	1.22924	1.229283
656	0.8078775	0.9265657	1.229283	1.229326
657	0.8079434	0.9265657	1.229326	1.22937
658	0.8080093	0.9265657	1.22937	1.229413
659	0.8080752	0.9265657	1.229413	1.229456
660	0.808141	0.9265657	1.229456	1.229499
661	0.8082069	0.9265657	1.229499	1.229543
662	0.8082727	0.9265657	1.229543	1.229586
663	0.8083385	0.9265657	1.229586	1.229629
664	0.8084043	0.9265657	1.229629	1.229673
665	0.8084701	0.9265657	1.229673	1.229716
666	0.8085359	0.9265657	1.229716	1.229759
667	0.8086016	0.9265657	1.229759	1.229802
668	0.8086674	0.9265657	1.229802	1.229846
669	0.808733	0.9265657	1.229846	1.229889
670	0.8087988	0.9265657	1.229889	1.229932
671	0.8088645	0.9265657	1.229932	1.229975
672	0.8089301	0.9265657	1.229975	1.230018
673	0.8089958	0.9265657	1.230018	1.230061
674	0.8090614	0.9265657	1.230061	1.230105
675	0.809127	0.9265657	1.230105	1.230148
676	0.8091927	0.9265657	1.230148	1.230191
677	0.8092582	0.9265657	1.230191	1.230234
678	0.8093237	0.9265657	1.230234	1.230277
679	0.8093893	0.9265657	1.230277	1.23032
680	0.8094548	0.9265657	1.23032	1.230363
681	0.8095203	0.9265657	1.230363	1.230406
682	0.8095858	0.9265657	1.230406	1.23045
683	0.8096513	0.9265657	1.23045	1.230493
684	0.8097168	0.9265657	1.230493	1.230536
685	0.8097822	0.9265657	1.230536	1.230579
686	0.8098476	0.9265657	1.230579	1.230622
687	0.809913	0.9265657	1.230622	1.230665
688	0.8099784	0.9265657	1.230665	1.230708
689	0.8100438	0.9265657	1.230708	1.230751
690	0.8101091	0.9265657	1.230751	1.230794
691	0.8101744	0.9265657	1.230794	1.230837
692	0.8102397	0.9265657	1.230837	1.23088
693	0.8103051	0.9265657	1.23088	1.230923
694	0.8103704	0.9265657	1.230923	1.230966
695	0.8104356	0.9265657	1.230966	1.231009
696	0.8105009	0.9265657	1.231009	1.231052
697	0.8105661	0.9265657	1.231052	1.231095
698	0.8106313	0.9265657	1.231095	1.231138
699	0.8106965	0.9265657	1.231138	1.231181
700	0.8107617	0.9265657	1.231181	1.231224
701	0.8108269	0.9265657	1.231224	1.231266
702	0.810892	0.9265657	1.231266	1.231309
703	0.8109571	0.9265657	1.231309	1.231352
704	0.8110223	0.9265657	1.231352	1.231395
705	0.8110873	0.9265657	1.231395	1.231438
706	0.8111525	0.9265657	1.231438	1.231481
707	0.8112175	0.9265657	1.231481	1.231524
708	0.8112825	0.9265657	1.231524	1.231567
709	0.8113475	0.9265657	1.231567	1.231609
710	0.8114126	0.9265657	1.231609	1.231652
711	0.8114775	0.9265657	1.231652	1.231695
712	0.8115426	0.9265657	1.231695	1.231738
713	0.8116075	0.9265657	1.231738	1.231781
714	0.8116724	0.9265657	1.231781	1.231823
715	0.8117374	0.9265657	1.231823	1.231866
716	0.8118023	0.9265657	1.231866	1.231909
717	0.8118672	0.9265657	1.231909	1.231952
718	0.811932	0.9265657	1.231952	1.231994
719	0.8119969	0.9265657	1.231994	1.232037
720	0.8120617	0.9265657	1.232037	1.23208
721	0.8121266	0.9265657	1.23208	1.232123
722	0.8121914	0.9265657	1.232123	1.232165
723	0.8122562	0.9265657	1.232165	1.232208
724	0.8123209	0.9265657	1.232208	1.232251
725	0.8123857	0.9265657	1.232251	1.232293
726	0.8124504	0.9265657	1.232293	1.232336
727	0.8125151	0.9265657	1.232336	1.232379
728	0.8125798	0.9265657	1.232379	1.232421
729	0.8126445	0.9265657	1.232421	1.232464
730	0.8127092	0.9265657	1.232464	1.232507
731	0.8127739	0.9265657	1.232507	1.232549
732	0.8128385	0.9265657	1.232549	1.232592
733	0.8129031	0.9265657	1.232592	1.232635
734	0.8129677	0.9265657	1.232635	1.232677
735	0.8130323	0.9265657	1.232677	1.23272
736	0.8130968	0.9265657	1.23272	1.232762
737	0.8131614	0.9265657	1.232762	1.232805
738	0.813226	0.9265657	1.232805	1.232847
739	0.8132904	0.9265657	1.232847	1.23289
740	0.813355	0.9265657	1.23289	1.232933
741	0.8134195	0.9265657	1.232933	1.232975
742	0.8134839	0.9265657	1.232975	1.233018
743	0.8135483	0.9265657	1.233018	1.23306
744	0.8136127	0.9265657	1.23306	1.233103
745	0.8136772	0.9265657	1.233103	1.233145
746	0.8137416	0.9265657	1.233145	1.233188
747	0.8138059	0.9265657	1.233188	1.23323
748	0.8138703	0.9265657	1.23323	1.233273
749	0.8139346	0.9265657	1.233273	1.233315
750	0.8139989	0.9265657	1.233315	1.233357
751	0.8140632	0.9265657	1.233357	1.2334
752	0.8141276	0.9265657	1.2334	1.233442
