Vertex1	Vertex2	Cost	ConCost	ROWCost	CellRoute
653100	674100	228.31000000000006	228.31000000000006	0.0	653100	653099	653098	653097	653096	653095	654415	655735	655734	655733	657053	657052	658372	658371	658370	658369	658368	658367	659687	661007	661006	661005	661004	661003	661002	662322	663642	663641	663640	663639	663638	663637	663636	663635	663634	663633	663632	663631	663630	663629	663628	662306	660984	660983	662303	663623	664943	666263	667583	668903	670223	671543	671542	671541	671540	671539	671538	671537	671536	671535	672855	674175	674174	674173	674172	674171	674170	672848	672847	672846	672845	672844	672843	672842	672841	672840	672839	672838	672837	674157	674156	675476	675475	675474	675473	675472	675471	675470	675469	675468	675467	676787	678107	678106	678105	678104	678103	678102	678101	678100	678099	678098	678097	678096	678095	678094	678093	678092	678091	678090	678089	678088	678087	676765	675443	674121	672799	672798	672797	672796	672795	672794	672793	672792	671470	671469	671468	671467	672787	672786	671464	671463	671462	672782	674102	674101	674100
580414	583060	3.3900000000000006	3.3900000000000006	0.0	580414	580415	581737	581738	583060
81349	115623	74.4	74.40000000000003	0.0	81349	82669	83990	85310	86630	87950	89270	90590	90589	91909	93229	94549	95869	95868	97188	98508	98507	99827	101147	101146	102466	103786	103785	103784	105104	105103	105102	105101	105100	105099	105098	105097	105096	105095	105094	105093	103771	105091	105090	105089	105088	105087	105086	105085	105084	105083	105082	105081	106401	106400	106399	107719	107718	107717	107716	109036	109035	109034	109033	110353	110352	110351	110350	110349	111669	112989	112988	112987	112986	114306	114305	114304	114303	115623
662463	665132	26.91	26.91	0.0	662463	662464	662465	662466	662467	662468	663790	663791	663792	663793	663794	663795	663796	663797	663798	663799	663800	663801	663802	663803	665125	665126	665127	665128	665129	665130	665131	665132
621266	608066	17.22	17.22	0.0	621266	619946	618626	617306	615985	614665	613345	613346	612026	610706	609386	608066
358468	346579	8.59	8.59	0.0	358468	357147	355826	354505	353184	351863	350542	349221	347900	346579
648113	646791	1.37	1.37	0.0	648113	646791
641280	637314	4.71	4.71	0.0	641280	639958	638636	637314
670134	674100	4.13	4.13	0.0	670134	671456	672778	674100
662463	649158	106.13	106.13000000000002	0.0	662463	662462	662461	662460	662459	662458	662457	662456	662455	662454	662453	662452	662451	662450	662449	663769	662447	662446	662445	662444	662443	662442	662441	662440	662439	662438	662437	662436	662435	662434	662433	662432	662431	662430	662429	662428	662427	662426	662425	662424	662423	662422	662421	662420	662419	662418	662417	661095	661094	661093	661092	661091	661090	659768	658446	657124	655802	655801	655800	655799	655798	655797	655796	655795	655794	655793	654471	653149	651827	653147	651825	650503	649181	647859	646537	646536	646535	646534	646533	646532	647852	647851	647850	647849	647848	649168	649167	649166	649165	649164	649163	649162	649161	649160	649159	649158
593579	586970	29.310000000000002	29.31	0.0	593579	592258	590937	589615	588293	586971	586970
655527	672708	19.590000000000003	19.590000000000003	0.0	655527	656848	658169	659491	660812	662134	663454	664776	666098	666099	666100	667422	668744	670066	671388	672708
573753	394128	180.63	180.62999999999988	0.0	573753	572432	571111	569790	568468	567147	565826	564505	563184	561863	560542	559220	557899	556578	555257	553936	552615	551294	549973	548652	547331	546011	544691	543371	542050	540729	539408	538087	536766	535445	534124	532803	531482	530161	528840	527520	526200	524880	523560	522239	520919	519598	518278	516958	515638	514318	512998	511678	510358	509037	507717	506396	505076	503755	502435	501115	499795	498474	497154	495833	494511	493190	491869	490548	489227	487906	486585	485265	483945	482624	481304	479983	478662	477340	476019	474699	473378	472057	470737	469417	468096	466775	465454	464133	462813	461493	460173	458852	457532	456211	454891	453570	452249	450928	449607	448286	446965	445644	444323	443002	441682	440362	439042	437721	436400	435079	433758	432438	431117	429797	428476	427155	425834	424513	423192	421871	420550	419229	417908	416587	415266	413946	412626	411305	409984	408663	407341	406019	404697	403376	402055	400733	399412	398091	396770	395449	394128
665248	646791	41.28	41.279999999999994	0.0	665248	663928	663929	663930	663931	663932	663933	663934	662614	661294	659973	658653	658654	658655	658656	658657	657337	656017	656018	656019	654699	653379	652059	650739	650740	650741	650742	650743	650744	650745	650746	650747	649427	648107	646787	646788	646789	646790	646791
177856	200332	29.320000000000004	29.32	0.0	177856	177857	179179	180501	181823	181824	181825	181826	183148	184470	185791	187112	188434	189756	191078	192400	193722	195044	196366	197688	199010	200332
580800	649446	75.77	75.76999999999997	0.0	580800	582120	583440	584760	586080	587400	588720	590040	591360	592680	594000	595320	596641	597961	599281	599280	599279	599278	599277	599276	599275	600595	601915	601914	601913	603233	604553	605873	607194	608514	609834	611154	612474	613794	615114	616435	617756	619077	620397	621718	623039	624360	625681	627002	628323	629644	630965	632286	633607	634927	636247	636246	636245	637565	638885	640206	641527	641526	642846	644166	645486	646806	648126	649446
584379	580414	3.3300000000000005	3.33	0.0	584379	583058	581736	580414
593595	653100	82.08	82.08000000000006	0.0	593595	593596	594918	594919	596241	596242	596243	597565	598887	600209	600210	601532	602854	602855	604177	605499	606821	608143	609465	610787	612109	613431	614752	616074	617396	618718	620040	621362	622684	624006	625328	626650	627972	629294	630616	631938	631939	631940	633262	633263	634585	635907	637229	638551	639873	639874	641196	642518	643840	643841	645163	646485	647807	647808	649130	650452	651774	651775	651776	651777	651778	653100
205577	205578	9.27	9.27	0.0	205577	205578
648114	648113	2.39	2.39	0.0	648114	648113
245397	248042	24.38	24.38	0.0	245397	246719	246720	248042
471474	480732	16.669999999999998	16.669999999999998	0.0	471474	472796	474118	475440	476762	478084	479406	480728	482050	482051	480731	480732
653102	659718	14.440000000000001	14.439999999999998	0.0	653102	651782	651783	653105	654427	654428	655750	657072	658394	659716	659717	659718
551800	580800	60.839999999999996	60.83999999999996	0.0	551800	551799	551798	551797	551796	551795	551794	551793	551792	551791	553111	553110	553109	551787	551786	553106	553105	554425	555745	555744	557064	558384	558383	558382	558381	558380	558379	559699	559698	561018	561017	561016	562336	562335	562334	563654	564975	566295	566294	567614	568934	570254	571574	571573	571572	572892	574212	575532	576852	578172	579492	580812	580811	580810	580809	580808	580807	580806	580805	580804	580803	580802	580801	580800
471474	267887	226.3	226.29999999999984	0.0	471474	470152	468830	467508	466187	464865	463543	462221	460899	459577	458256	456934	455612	454291	452969	451648	450327	449006	447685	446364	445043	443722	442400	441079	439758	438436	437115	435793	434472	433150	431829	430508	429187	427866	426545	425224	423903	422582	421261	419939	418617	417295	415973	414651	413329	412007	410685	409363	408041	406719	405397	404075	404074	402752	401430	400108	398786	398785	397463	396141	394819	393497	392175	390853	389531	388209	386888	385566	384244	382922	381600	380278	378956	377634	376312	374990	373668	372346	371024	369702	369701	368379	367057	365735	364413	363092	361770	360448	359126	357804	356482	355160	353838	353837	353836	352514	351192	349870	348548	347226	347225	345903	345902	345901	345900	344578	344577	343255	341933	340611	339289	337967	337966	337965	337964	336642	335320	333998	332676	332675	331353	331352	330030	328708	328707	328706	327384	327383	327382	327381	327380	326058	324737	323415	322093	320771	319449	318127	316805	315483	314161	312839	312838	312837	312836	311514	310192	308870	307549	306228	304906	303584	302262	300940	299618	298297	296975	295653	294331	293009	293008	291686	290364	289042	287720	286398	285076	283754	282432	281110	279788	279787	278465	277143	275821	275820	274498	273176	273175	271853	270531	269209	267887
622999	624321	1.22	1.22	0.0	624321	622999
690991	753059	102.08999999999999	102.09000000000007	0.0	690991	692311	693632	693631	694951	696271	696270	697590	698910	700230	701552	702873	704194	705515	706837	708159	709480	710801	712123	713445	714766	716087	717408	718729	720049	721369	722690	724011	725331	726652	727973	729295	730616	731937	733258	734578	734577	734576	735896	737217	738537	738536	738535	738534	739854	741174	742495	743815	745136	746456	747778	749099	750419	751739	753059
270438	518754	215.71	215.7100000000003	0.0	270438	271759	273080	274400	275721	277042	278363	279684	281005	282326	283647	284968	286289	287611	288932	290254	291575	292897	294218	295539	296860	298180	299500	300821	302141	303462	304784	306104	307425	308746	310067	311388	312709	314030	315351	316672	317992	319312	320633	321954	323276	324598	325919	327240	328562	329884	331205	332526	333846	335166	336487	337808	339129	340450	341771	343092	344413	345734	347055	348376	349698	351019	352340	353661	354982	356303	357623	358944	360264	361585	362906	364227	365548	366869	368189	369511	370832	372153	373474	374795	376116	377437	378758	380079	381400	382721	384042	385363	386684	388005	389326	390647	391967	393288	394610	395932	397254	398576	399897	401218	402538	403859	405180	406501	407821	409142	410463	411784	413105	414425	415746	417067	418388	419708	421029	422349	423669	424989	426310	427631	428951	430272	431592	432912	434233	435554	436875	438196	439517	440838	442159	443479	444800	446121	447441	448761	450082	451403	452724	454045	455366	456688	458009	459330	460651	461972	463292	464613	465933	467254	468574	469895	471215	472536	473857	475177	476498	477819	479140	480461	481781	483102	484423	485743	487063	488384	489705	491025	492345	493666	494987	496308	497628	498948	500269	501590	502911	504231	505552	506872	508193	509513	510833	510832	512152	513472	514792	516112	517433	518754
659532	621266	83.07000000000001	83.07000000000002	0.0	659532	659533	658213	656893	655573	655574	654254	652934	651614	651615	651616	651617	651618	650298	648978	648979	647659	646339	645019	645020	643700	643701	643702	643703	643704	643705	642385	642386	642387	641067	639747	638427	637107	635787	634467	633147	631826	630505	629184	627864	627865	626545	625225	623905	622585	621265	621266
622782	625440	14.170000000000002	14.170000000000003	0.0	622782	622783	622784	622785	624107	624108	624109	624110	624111	624112	624113	624114	624115	625437	625438	625439	625440
241059	237111	16.2	16.200000000000003	0.0	241059	241060	241061	239741	239742	239743	239744	239745	239746	239747	239748	239749	239750	239751	238431	237111
99895	99896	2.78	2.78	0.0	99895	99896
116943	115623	1.35	1.35	0.0	116943	115623
649437	648113	10.18	10.18	0.0	649437	649436	649435	648113
474417	495532	23.76	23.760000000000005	0.0	474417	475737	477058	478378	479698	481018	482339	483660	484980	486301	487621	488941	490261	491581	491580	491579	491578	492898	492897	492896	494216	494215	494214	492892	494212	495532
665248	665237	7.590000000000001	7.590000000000001	0.0	665248	665247	665246	665245	665244	665243	665242	665241	665240	665239	665238	665237
507333	495532	76.22	76.22000000000006	0.0	507333	506013	506014	506015	506016	506017	506018	506019	506020	506021	504701	503381	503382	503383	502063	502064	502065	502066	502067	502068	502069	502070	502071	502072	502073	502074	502075	502076	502077	502078	502079	502080	502081	502082	502083	500763	500764	500765	500766	500767	500768	500769	500770	500771	500772	500773	500774	500775	500776	500777	500778	500779	500780	500781	500782	499462	499463	499464	499465	499466	500788	500789	499469	499470	499471	499472	499473	499474	499475	499476	499477	499478	499479	499480	499481	498161	498162	496842	496843	496844	496845	496846	496847	496848	496849	496850	495530	495531	495532
122150	176239	100.21000000000001	100.21000000000001	0.0	122150	122149	123469	124789	124788	126108	127429	128749	130069	131389	131388	131387	132707	134027	135347	136667	137987	137986	139306	139305	140625	140624	141944	143264	143263	144583	145903	147223	148543	149863	151183	152503	152502	152501	153821	155141	155140	156460	156459	156458	157778	157777	157776	159096	159095	159094	159093	159092	159091	159090	159089	160409	161729	163049	163048	163047	163046	163045	163044	163043	163042	164362	164361	165681	167001	167000	168320	169640	169639	170959	172279	172278	172277	172276	173596	174917	176239
216127	213487	3.11	3.11	0.0	216127	214807	213487
209527	171222	38.239999999999995	38.24	0.0	209527	208207	206887	205566	204246	202925	201604	200282	198961	197640	196320	194999	193678	192357	191036	189715	188394	187073	185752	184431	183110	181790	180469	179148	177828	176506	175185	173864	172543	171222
518754	517437	3.1399999999999997	3.1399999999999997	0.0	518754	517434	517435	517436	517437
518802	517437	40.41	40.410000000000025	0.0	518802	518801	518800	518799	518798	518797	518796	518795	518794	518793	518792	518791	518790	518789	520109	520108	520107	518785	518784	518783	518782	518781	518780	518779	518778	518777	518776	518775	518774	518773	517451	517450	517449	517448	517447	517446	517445	517444	517443	517442	517441	517440	517439	517438	517437
586970	580341	33.49	33.489999999999995	0.0	586970	586969	585647	585646	585645	584323	584322	584321	582999	582998	582997	582996	582995	581673	581672	581671	581670	581669	581668	581667	581666	581665	581664	581663	580341
670424	677106	83.03	83.03000000000002	0.0	670424	669104	669105	669106	669107	669108	669109	669110	669111	669112	669113	667793	667794	667795	667796	667797	667798	667799	667800	667801	669123	669124	669125	669126	669127	669128	669129	667809	666489	666490	666491	666492	666493	666494	667816	669138	669139	669140	669141	670463	671785	671786	673108	673109	673110	674432	674433	674434	674435	674436	674437	675759	677081	677082	677083	678405	678406	678407	678408	678409	678410	678411	678412	678413	678414	678415	678416	678417	678418	678419	678420	678421	678422	677102	677103	677104	677105	677106
87961	80029	11.760000000000002	11.76	0.0	87961	86640	85318	83996	82674	81352	81351	80029
161974	87961	78.92	78.92000000000002	0.0	161974	160653	159331	158010	156689	155368	154046	152724	151402	150081	148759	147437	146115	144793	143472	142151	140829	139507	138185	136863	135541	134219	132897	131575	130254	128932	127610	126289	124967	123646	122325	121003	119682	118360	117038	115716	114394	113072	111750	110428	109107	107785	106463	105141	103819	102497	101175	99853	98531	98530	97208	95887	94566	93245	91924	90603	89282	87961
584379	583060	2.01	2.01	0.0	584379	583059	583060
655527	659524	39.61	39.61000000000001	0.0	655527	655528	656850	658172	658173	656853	656854	655534	655535	655536	655537	655538	655539	655540	654220	655542	655543	655544	655545	655546	655547	655548	656870	656871	656872	658194	658195	658196	658197	658198	658199	658200	658201	658202	659524
176534	106500	78.38999999999999	78.39000000000001	0.0	176534	176533	175211	175210	175209	175208	175207	175206	173884	172562	171240	169918	168596	167274	165952	164630	164629	163307	161986	160665	159344	158023	156702	155381	154059	152738	151417	150096	148775	147453	146132	144811	143490	142169	140847	139526	138205	136884	135562	134240	132919	131598	130277	128956	127635	126314	124993	123673	122352	121031	119710	118389	117068	115747	114426	113105	111784	110463	109142	107821	106500
116949	116943	5.4399999999999995	5.44	0.0	116949	116948	116947	116946	116945	116944	116943
573753	577696	18.490000000000002	18.490000000000002	0.0	573753	575073	575072	575071	575070	575069	575068	575067	576387	576386	576385	576384	576383	576382	576381	576380	576379	576378	577698	577697	577696
649437	649446	9.42	9.420000000000002	0.0	649437	649438	649439	649440	649441	649442	649443	649444	649445	649446
663482	684605	52.79	52.790000000000006	0.0	663482	664802	664801	666121	667441	668761	670081	671401	672721	674042	675362	676682	678002	679322	679321	680642	681964	683285	684606	684605
159378	156740	5.529999999999999	5.529999999999999	0.0	159378	158058	156738	156739	156740
641280	625440	17.99	17.989999999999995	0.0	641280	639960	638640	637320	636000	634680	633360	632040	630720	629400	628080	626760	625440
394128	577696	174.89999999999998	174.90000000000023	0.0	394128	395448	396768	398088	399408	400728	400727	400726	402046	403366	404686	406007	407328	408648	409968	411288	412608	413928	415248	416569	417889	419209	420529	420528	421848	421847	421846	421845	421844	423164	423163	423162	424482	424481	424480	425800	427120	427119	428439	429759	431079	432399	433720	435040	436361	437681	439001	440321	441641	442961	444281	445601	446921	448241	449561	450881	452201	453522	454842	456163	457484	458804	460124	461445	462765	464085	465405	466725	468045	469365	470686	472007	473328	474649	475970	477291	478612	479934	481255	482576	483897	485218	486539	487860	489181	490502	491823	493144	494465	495786	497108	498429	499750	501071	502392	503713	505034	506355	507676	508997	510318	511639	512960	514281	515602	516923	518245	519566	520888	522209	523529	524850	526171	527492	528813	530134	531455	532776	534097	535418	536739	538060	539381	540702	542023	543344	544665	545986	547308	548629	549950	551271	552592	553912	555234	556556	557877	559198	560519	561840	563162	564483	565803	567124	568446	569768	571089	572410	573732	575053	576375	577696
254257	357169	160.66	160.66000000000008	0.0	254257	255577	256898	258218	259538	260858	262178	263498	264818	266138	267458	267457	268777	270097	271417	272737	274057	275377	276697	276696	278016	279336	279335	280655	280654	280653	280652	281972	283294	284614	285934	287254	288574	289894	289893	291213	292533	293853	295173	296493	297813	299133	299132	299131	299130	299129	300449	301769	301768	301767	303087	303086	303085	301763	303083	304403	304402	304401	304400	304399	304398	304397	304396	304395	305715	305714	305713	307033	308353	309673	310993	309671	310991	310990	312310	313630	313629	314949	316269	317589	318909	318908	318907	320227	320226	320225	320224	320223	320222	320221	320220	320219	320218	320217	320216	320215	321535	322855	322854	324174	325494	326814	328134	328133	329453	330773	332093	333413	334733	336053	337373	338693	340013	340012	341332	341331	341330	341329	342649	343969	345289	346609	346608	347928	349248	350569	351889	353209	354529	355849	357169
116949	216127	144.59	144.58999999999997	0.0	116949	116950	116951	116952	118274	118275	118276	118277	118278	118279	118280	118281	118282	118283	118284	118285	118286	118287	118288	119610	119611	120933	122255	122256	122257	122258	122259	122260	122261	122262	122263	122264	123586	124908	124909	124910	124911	126233	127555	128877	128878	130200	131522	132842	134164	135486	136808	138130	139451	140772	142094	143416	144738	146060	147382	148704	150026	151348	152670	153992	155314	156636	157957	159278	160600	161922	163244	164565	165887	167208	168530	169852	169853	169854	171176	172498	172499	172500	173822	175144	176466	177788	179110	180432	181754	183076	184398	185720	185721	187043	188365	189687	191009	192331	193653	194975	196297	197619	198941	198942	200264	201586	201587	202909	204231	205553	206874	208196	209518	210839	212161	213483	214805	216127
245397	218842	144.85	144.85000000000005	0.0	245397	244075	242753	241431	240109	238787	238786	237464	237463	236141	234819	233497	233496	233495	233494	233493	233492	233491	233490	233489	233488	233487	233486	233485	233484	233483	233482	233481	233480	232158	232157	232156	232155	232154	232153	232152	230830	229508	229507	229506	229505	228183	228182	226860	225538	226858	225536	225535	225534	225533	226853	228173	228172	228171	228170	228169	228168	228167	228166	228165	228164	228163	229483	229482	228160	228159	228158	229478	229477	229476	229475	228153	226831	225509	225508	225507	225506	224184	224183	222861	222860	222859	222858	222857	222856	222855	222854	222853	222852	222851	222850	222849	222848	222847	222846	221524	221523	221522	221521	221520	221519	221518	221517	221516	221515	220193	218871	218870	218869	218868	220188	220187	220186	220185	220184	220183	220182	220181	220180	218858	218857	218856	217534	217533	218853	218852	218851	218850	218849	218848	218847	218846	218845	218844	218843	218842
662206	621266	36.379999999999995	36.379999999999995	0.0	662206	660886	659566	658245	656924	655603	654282	652962	651642	650321	649000	647679	646359	645039	643718	642397	641076	639755	638435	637114	635793	634472	633151	631830	630509	629188	627867	626547	625227	623906	622586	621266
209527	205577	19.32	19.319999999999997	0.0	209527	209528	208208	208209	206889	206890	206891	206892	206893	206894	206895	206896	206897	205577
161974	171222	8.11	8.110000000000001	0.0	161974	163295	164617	165938	167259	168580	169901	171222
654205	580182	78.76	78.76	0.0	654205	652883	652882	652881	652880	651558	650236	648914	647592	646270	644948	643626	642305	640984	639663	638341	637019	635697	634375	633053	631731	630409	629088	627767	626446	625124	623803	622481	621159	619837	619836	618514	617192	615870	614548	613226	611904	610582	610581	609259	607937	606615	605294	603973	602652	601331	600010	598689	597367	596045	594723	593401	593400	593399	592077	590755	589433	588112	586791	585469	584147	582825	581504	580182
670424	711424	73.19	73.19000000000001	0.0	670424	671746	671747	671748	671749	673071	673072	673073	673074	673075	674397	674398	674399	675721	675722	675723	675724	675725	675726	675727	677049	678371	678372	679694	681016	682338	683658	684979	686301	687623	688945	690266	690267	690268	691590	691591	691592	691593	692915	692916	694238	695560	696882	696883	696884	698206	699528	700850	702172	703494	704816	706138	707460	708782	710103	711423	711424
551800	518802	36.47	36.47	0.0	551800	550480	550481	550482	549162	547841	546520	545200	543880	542560	541240	539920	538600	537280	535960	534639	533319	533320	533321	532001	530681	529361	528041	528042	526722	525402	524082	522762	521442	520122	518802
239737	241059	2.84	2.84	0.0	239737	241059
122150	112934	33.13	33.13000000000001	0.0	122150	122151	122152	120832	119512	119513	119514	119515	119516	119517	119518	118198	116878	116879	116880	115560	114240	114241	112921	111601	111602	111603	111604	111605	111606	111607	111608	111609	111610	111611	112933	112934
118263	116943	7.52	7.52	0.0	116943	118263
161974	106500	54.49	54.49	0.0	161974	160654	159333	158012	156691	155370	154049	152728	151407	150086	148764	147444	146124	144803	143482	142160	140839	139518	138197	136876	135555	134234	132913	131593	130272	128951	127630	126309	124988	123667	122346	121026	119705	118385	117064	115743	114423	113103	111782	110461	109140	107820	106500
99896	299726	424.47999999999996	424.48000000000013	0.0	99896	98576	98577	99899	99900	99901	99902	98582	98583	99905	99906	99907	99908	99909	99910	99911	98591	97271	95950	94629	93309	93310	91990	91991	91992	91993	90673	90674	90675	89355	89356	88036	88037	88038	88039	88040	88041	88042	88043	88044	88045	88046	88047	86727	86728	88050	88051	88052	86732	88054	88055	88056	88057	88058	89380	89381	89382	88062	88063	88064	88065	88066	88067	86747	86748	85428	85429	84109	82789	82790	82791	82792	82793	82794	82795	81475	80155	80156	80157	80158	80159	81481	81482	82804	84126	84127	85449	86771	88093	88094	89416	90738	90739	92061	93383	94705	96027	97349	98671	99993	101315	102637	103959	105281	105282	105283	106605	107926	109248	109249	109250	109251	109252	109253	109254	110576	111898	113219	114540	115862	117183	118505	119827	121149	122470	123791	125113	125114	125115	125116	126438	127760	127761	129083	130405	130406	131728	133050	133051	134373	134374	134375	135697	137019	138341	138342	138343	138344	138345	139667	139668	139669	140991	140992	140993	140994	142316	142317	142318	142319	142320	142321	141001	141002	141003	139683	139684	141006	141007	141008	141009	141010	141011	141012	141013	141014	141015	142337	142338	142339	142340	142341	142342	143664	143665	143666	143667	144989	144990	146312	147634	148956	150278	151600	152922	154244	155566	156888	158210	159532	160854	162176	163498	164820	164821	164822	164823	164824	164825	164826	164827	164828	166150	167472	167473	167474	167475	167476	167477	167478	168800	168801	168802	168803	170125	170126	170127	170128	170129	170130	171452	172774	174096	175418	175419	176741	178063	179385	180707	182029	183351	184673	185995	187317	188639	188640	189962	191284	192606	193928	193929	195251	195252	195253	195254	196576	197898	199220	200542	200543	201865	203187	204509	204510	205832	207154	208476	208477	209799	211121	211122	211123	212445	213767	215089	216411	216412	216413	217735	219057	219058	219059	220381	221703	223025	223026	221706	221707	223029	224351	225673	226995	228317	228318	229640	230962	230963	232285	233607	234929	236251	237573	238895	238896	238897	238898	240220	241542	240222	241544	241545	242867	244189	242869	242870	244192	245514	245515	245516	245517	245518	246839	246840	248162	249484	250806	252128	253450	254772	254773	256094	257416	258738	260060	261382	262704	264026	264027	265349	265350	266672	267994	269316	269317	270639	271960	273282	274604	275926	277248	278570	278571	279893	281215	282537	282538	283860	285182	286504	287826	289148	289149	290471	291793	293115	294436	294437	295759	295760	297082	298404	299726
254257	243696	10.66	10.66	0.0	254257	252937	251616	250295	248974	247654	246334	245014	243694	243695	243696
670130	663491	68.89000000000001	68.89	0.0	670130	670129	670128	670127	670126	670125	670124	670123	670122	670121	671441	670119	668797	667475	667474	666152	664830	664829	664828	666148	667468	667467	667466	668786	668785	668784	668783	668782	668781	668780	667458	667457	666135	664813	663491
668810	664847	20.5	20.5	0.0	668810	667489	666168	664847
177856	205578	48.93	48.93	0.0	177856	179176	180496	181817	183137	184457	185778	187098	188418	189738	191059	192379	193699	195019	196339	197659	198979	200300	201620	201619	201618	202938	204258	205578
245397	269118	68.00999999999999	68.00999999999998	0.0	245397	245396	245395	245394	245393	245392	245391	245390	246710	248030	248029	248028	248027	249347	250667	251988	253309	254629	255949	255948	255947	255946	255945	255944	255943	257263	257262	257261	257260	257259	257258	257257	258577	258576	258575	258574	258573	258572	258571	258570	258569	259889	259888	261208	262528	263848	263847	265167	266487	266486	266485	266484	266483	266482	266481	267801	267800	267799	269119	269118
660008	657366	1.77	1.77	0.0	660008	658687	657366
81349	122150	162.03999999999996	162.03999999999994	0.0	81349	81348	81347	81346	82666	82665	83985	83984	83983	83982	83981	83980	83979	83978	83977	83976	83975	83974	83973	83972	83971	83970	83969	83968	83967	82645	81324	80002	78681	77359	77358	77357	77356	77355	77354	77353	77352	77351	77350	77349	78669	78668	78667	79987	81307	82627	82626	82625	82624	82623	82622	82621	82620	82619	82618	82617	83937	83936	83935	83934	83933	82611	82610	82609	82608	82607	81285	81284	79962	79961	79960	78638	78637	78636	78635	78634	78633	78632	78631	79951	81271	82591	83911	85231	85230	85229	85228	85227	85226	85225	85224	85223	86543	87863	89183	90503	90502	90501	91821	93141	91819	91818	91817	91816	90494	91814	93134	93133	94453	94452	95772	95771	95770	97090	97089	98409	99729	99728	99727	99726	99725	99724	99723	99722	99721	101041	102361	103681	103680	103679	104999	104998	104997	106317	106316	107636	107635	108955	110275	110274	110273	111593	112913	114233	114232	115552	116872	116871	118191	118190	119510	120830	122150
216196	200332	18.23	18.23	0.0	216196	214874	213552	212230	210908	209586	208265	206943	206942	205620	205619	204297	202975	201653	200332
248042	250684	25.65	25.65	0.0	248042	249363	250684
518802	471474	232.65999999999997	232.65999999999974	0.0	518802	518803	518804	518805	518806	518807	518808	518809	518810	517490	517491	517492	516172	516173	516174	514854	514855	513535	512215	512216	510896	509576	510898	510899	510900	510901	510902	510903	509583	509584	508264	506944	508266	508267	508268	509590	509591	509592	509593	509594	509595	509596	509597	509598	508278	508279	508280	508281	508282	508283	508284	508285	508286	508287	508288	506968	505648	505649	505650	505651	504331	505653	505654	505655	505656	505657	505658	505659	505660	505661	505662	505663	505664	506986	506987	506988	506989	506990	506991	506992	506993	506994	505674	505675	505676	505677	505678	507000	507001	507002	507003	505683	504363	503043	503044	503045	503046	503047	504369	503049	503050	503051	503052	503053	503054	503055	501735	501736	501737	501738	501739	500419	500420	500421	500422	500423	500424	500425	499105	499106	499107	497787	496467	495147	495148	493828	493829	493830	492510	492511	491191	491192	491193	491194	489874	488554	488555	488556	488557	487237	487238	485918	485919	485920	485921	485922	487244	488566	489888	489889	489890	491212	491213	491214	491215	491216	491217	491218	491219	491220	491221	491222	492544	492545	492546	492547	491227	491228	491229	491230	489910	489911	489912	489913	489914	489915	489916	489917	489918	489919	491241	491242	491243	491244	489924	488604	487284	485964	484644	483324	482004	482005	482006	482007	482008	482009	482010	482011	482012	482013	482014	482015	482016	482017	480697	480698	480699	480700	480701	480702	480703	479383	478063	478064	478065	478066	478067	478068	478069	478070	476750	476751	476752	475432	474112	472792	471472	471473	471474
573753	580414	95.87	95.8699999999999	0.0	573753	573754	573755	573756	573757	573758	573759	573760	573761	573762	573763	573764	573765	572445	572446	572447	572448	572449	572450	572451	572452	572453	572454	572455	572456	572457	572458	571138	571139	571140	571141	572463	573785	573786	573787	573788	573789	573790	573791	573792	573793	573794	573795	573796	573797	575119	576441	576442	576443	577765	577766	577767	579089	579090	579091	580413	580414
412096	299726	110.74999999999999	110.7499999999999	0.0	412096	410774	409452	409451	409450	409449	409448	409447	408125	406805	405483	404162	402841	401520	400199	398878	397557	396236	394914	393592	392270	392269	390947	389625	388304	386983	385661	385660	384338	383017	381695	380373	379051	379050	377728	376407	375086	373765	372443	371122	369800	368478	367156	365834	364512	363190	361868	360546	359224	357902	356580	355258	353936	353935	352613	351292	351291	349969	348647	347325	346003	344681	343359	342037	340715	339393	338071	338070	336748	335426	334104	332782	331460	330138	330137	328815	327493	326171	326170	324848	323526	322204	322203	320881	319559	318237	316915	315593	314271	314270	312948	312947	312946	311625	310303	308981	307659	306337	305015	303693	302371	301049	301048	299726
593579	593595	70.3	70.29999999999998	0.0	593579	592259	592260	592261	592262	592263	593585	593586	593587	593588	593589	593590	593591	593592	593593	593594	593595
99895	87961	52.34	52.33999999999999	0.0	99895	99894	99893	99892	99891	99890	99889	99888	99887	99886	101206	101205	101204	101203	101202	101201	101200	99878	99877	99876	99875	99874	99873	99872	98550	98549	98548	98547	97225	97224	97223	97222	95900	95899	94577	94576	94575	93253	93252	93251	91929	90607	89285	89284	89283	87961
412096	414746	30.499999999999993	30.5	0.0	412096	412097	412098	410778	410779	410780	412102	413424	413425	414746
664847	670134	5.6	5.6	0.0	664847	666169	667491	668812	670134
212167	254554	123.91	123.91000000000007	0.0	212167	212168	213490	213491	213492	213493	213494	213495	213496	213497	213498	213499	214821	214822	214823	214824	214825	216147	217469	217470	218792	220114	221436	222758	224080	225402	225403	225404	225405	226727	226728	228050	228051	228052	228053	228054	228055	229377	230699	232021	233343	234665	234666	234667	235989	235990	237312	238634	239956	241278	242600	243922	243923	245245	246567	246568	247890	247891	247892	249214	249215	249216	249217	250539	251861	253183	253184	253185	253186	253187	253188	253189	253190	253191	253192	253193	253194	251874	251875	251876	251877	251878	251879	251880	251881	251882	251883	251884	253206	253207	251887	251888	251889	251890	251891	251892	251893	251894	251895	253217	253218	253219	253220	253221	253222	253223	253224	253225	253226	253227	254549	254550	254551	254552	254553	254554
412096	480732	115.47	115.47000000000004	0.0	412096	413416	414736	416057	417378	418698	420019	421339	422659	421337	422657	423977	425297	425296	426616	427936	429257	430577	431897	433217	433216	434537	435858	437179	438499	439819	441139	442460	443780	443779	443778	445098	446419	447739	449059	450379	450378	451698	453018	454338	455658	456978	456977	456976	456975	456974	456973	458293	459613	460933	462254	463574	464895	466216	467537	468858	470179	471499	472819	474139	475459	476780	476779	476778	476777	478097	479417	479416	479415	479414	479413	480733	480732
159378	176534	24.400000000000002	24.399999999999995	0.0	159378	160698	162018	163338	164658	164657	165977	165976	167296	168616	169936	171256	172577	173897	173896	173895	173894	175214	176534
659532	659524	7.5	7.5	0.0	659532	659531	659530	659529	659528	659527	659526	659525	659524
525352	580800	52.88999999999999	52.88999999999997	0.0	525352	526672	527993	529313	530634	531954	533274	534594	535914	537234	538555	539876	541196	542516	543836	545156	545155	546475	547795	549115	550435	551755	553075	554395	555715	557035	558355	559675	560995	562315	563635	564956	566277	567598	568919	570240	571560	572880	574200	575520	576840	578160	579480	580800
629202	608066	17.810000000000002	17.81	0.0	629202	627881	626560	625238	623916	622594	621273	619953	618633	617313	615992	614671	613350	612029	610708	609387	608066
621448	583060	94.38	94.38	0.0	621448	620126	620125	618803	618802	618801	618800	617478	617477	616155	616154	614832	614831	614830	614829	613507	613506	612184	610862	609540	609539	609538	608216	606894	605572	604250	604249	602927	601605	600283	598961	597640	596318	596317	596316	594994	593672	593671	593670	592348	591026	589704	589703	588381	588380	588379	588378	589698	589697	589696	589695	589694	589693	589692	589691	589690	589689	589688	589687	589686	589685	591005	591004	591003	589681	588359	587037	587036	587035	587034	587033	587032	587031	585709	585708	585707	584385	584384	583062	583061	583060
670424	665132	8.899999999999999	8.899999999999999	0.0	670424	670423	670422	670421	669099	667777	666455	665133	665132
584379	653102	60.52000000000001	60.51999999999995	0.0	584379	585701	587023	587024	588346	589667	590988	592310	593632	594954	596276	597598	598919	600240	601562	602884	604206	605528	606850	608171	609492	610814	612136	613458	614780	616102	617424	618745	620067	621388	622709	624030	625351	626673	627994	629316	630638	631959	633281	634602	635923	637245	638567	639889	641211	642532	643853	645174	646496	647818	649139	650460	651781	653102
594899	593579	6.1	6.1	0.0	594899	593579
629202	674100	42.68	42.68	0.0	629202	630523	631844	633165	634486	635807	637128	638449	639770	641091	642412	643733	645053	646373	647693	649013	650333	651653	652973	654293	655613	656934	658254	659575	660896	662216	663537	664857	666177	667497	668817	670137	671458	672779	674100
216196	218842	4.21	4.21	0.0	216196	217518	217519	217520	218842
580800	624321	81.36	81.35999999999999	0.0	580800	580799	580798	580797	580796	580795	580794	580793	580792	580791	580790	580789	582109	583429	583428	584748	586068	587388	588708	590028	591348	592668	592667	593987	593986	593985	595305	595304	595303	595302	595301	595300	595299	595298	595297	595296	595295	595294	595293	595292	595291	595290	595289	596609	597929	599249	599248	600568	601888	601887	601886	601885	601884	603204	604525	605845	607165	608485	608484	609804	611124	612444	613764	615084	615083	615082	615081	616401	617721	619041	620361	621681	623001	624321
662463	641280	59.04	59.03999999999999	0.0	662463	661141	659819	658497	658496	658495	657173	657172	655850	654528	653206	651884	650562	650561	650560	649238	647916	647915	647914	649234	649233	649232	649231	649230	649229	649228	649227	649226	649225	649224	649223	649222	647900	646578	645256	645255	645254	645253	645252	645251	645250	645249	645248	645247	643925	642603	641281	641280
624321	646791	23.36	23.360000000000003	0.0	624321	625643	626964	628285	629606	630927	632249	633571	634893	636215	637537	638859	640181	641502	642823	644145	645467	645468	645469	646791
241059	243696	8.93	8.93	0.0	241059	242379	242378	242377	242376	243696
690991	580182	231.67999999999998	231.67999999999986	0.0	690991	689671	688351	687031	685711	684390	683069	681748	680428	679108	677788	676468	675148	673827	672506	671186	669866	668546	668547	667227	665907	665908	664588	663268	663269	661949	660629	659309	657989	656669	655349	654029	652709	651389	651390	651391	651392	650072	650073	650074	650075	650076	648756	648757	648758	648759	648760	648761	648762	647442	647443	646123	646124	646125	646126	644806	643486	642166	640846	639526	638206	636885	635564	634244	632924	631604	630284	628964	627644	626324	625004	623683	622362	621041	619720	618399	617078	615757	614437	613117	613118	613119	611799	610479	610480	610481	609161	607839	606517	605196	603875	602555	601235	599915	598595	597275	595955	595956	595957	595958	595959	594639	594640	593320	593321	593322	592002	592003	592004	592005	590685	589365	588045	586724	585404	584084	584085	582765	582766	582767	581447	580127	580128	580129	580130	578810	578811	578812	578813	578814	578815	578816	578817	580139	580140	580141	580142	580143	580144	581466	582788	584110	585432	585433	586755	586756	588078	588079	588080	588081	586761	586762	585442	584122	584123	584124	582804	582805	582806	582807	582808	582809	582810	582811	582812	582813	582814	582815	582816	582817	582818	582819	581499	580179	580180	580181	580182
176239	177561	2.95	2.95	0.0	176239	177561
106500	99895	8.75	8.75	0.0	106500	105179	103858	102536	101216	99895
116949	237111	118.61000000000001	118.60999999999997	0.0	116949	118271	119592	120914	122235	123555	124875	126196	127517	128837	130157	131477	132798	134119	135440	136761	138081	139401	140721	142041	143361	144681	146001	147321	148641	149961	151281	152601	153921	155241	156562	157883	159203	160524	161844	163165	164485	165806	167127	168448	169769	171089	172409	173729	175050	176370	177690	179011	180331	181651	182972	184293	185614	186935	188255	189577	190898	192219	193540	194861	196182	197502	198822	200143	201463	202783	204103	205423	206743	206742	208062	209382	210702	212022	213343	214663	215983	217303	218624	219944	221265	222585	223905	225226	226546	227866	229187	230508	231829	233149	234470	235790	237111
581660	608066	23.82	23.82	0.0	581660	581659	581658	582978	584298	585618	586938	588258	588257	589577	590897	592218	593538	594858	596178	597499	598819	600140	601461	602782	604103	605424	606745	608066
176534	177856	1.75	1.75	0.0	176534	177856
593579	629202	82.27	82.27000000000004	0.0	593579	592257	592256	592255	593575	594895	594894	594893	594892	594891	596211	596210	596209	597529	598849	600169	601489	602809	604129	604128	605448	605447	605446	605445	606765	608085	609405	610725	612045	613365	614685	614684	614683	614682	616002	617322	617321	618641	619961	621281	622601	623922	625242	626562	627882	629202
299726	267887	137.84	137.83999999999995	0.0	299726	299725	299724	299723	299722	299721	299720	299719	298397	298396	299716	299715	298393	297071	297070	295748	295747	295746	295745	295744	295743	295742	295741	295740	295739	295738	295737	295736	294414	293092	291770	291769	291768	291767	291766	291765	291764	291763	291762	291761	291760	291759	291758	291757	291756	291755	291754	291753	291752	290430	290429	291749	291748	291747	290425	290424	290423	290422	290421	290420	289098	289097	289096	289095	287773	286451	285129	285128	285127	285126	285125	285124	283802	282480	281158	281157	281156	281155	281154	281153	281152	279830	278508	278507	278506	278505	278504	278503	278502	278501	278500	279820	279819	279818	279817	279816	279815	279814	278492	277170	275848	275847	277167	277166	275844	275843	275842	275841	275840	275839	275838	275837	275836	275835	275834	275833	275832	277152	277151	275829	275828	275827	275826	275825	274503	273181	271859	270537	269215	267893	267892	267891	267890	267889	267888	267887
156740	148825	67.31	67.31	0.0	156740	155420	154100	152779	151459	150139	148819	148820	148821	148822	147502	147503	148825
267887	250684	35.65	35.650000000000006	0.0	267887	266565	265243	263921	262599	262598	262597	262596	261274	259952	259951	259950	259949	259948	259947	259946	259945	259944	259943	259942	259941	259940	258618	257296	257295	255973	254651	253329	253328	252006	250684
237111	216127	168.15999999999997	168.1599999999997	0.0	237111	237112	237113	237114	237115	237116	237117	237118	238440	239762	239763	239764	241086	241087	241088	241089	241090	241091	241092	241093	241094	241095	241096	241097	241098	239778	239779	239780	239781	239782	239783	239784	239785	239786	239787	239788	239789	239790	239791	239792	239793	239794	239795	239796	239797	239798	239799	239800	239801	239802	239803	239804	239805	239806	239807	239808	238488	238489	238490	237170	235850	234530	233209	231889	231890	231891	230571	229251	227931	226611	225291	225292	225293	223973	222653	222654	221334	221335	220015	220016	220017	220018	220019	220020	220021	220022	220023	220024	220025	220026	221348	221349	221350	221351	221352	221353	221354	221355	222677	223999	224000	224001	222681	222682	222683	222684	222685	221365	222687	222688	222689	221369	221370	221371	221372	221373	221374	221375	221376	220056	218736	218737	218738	218739	218740	217420	217421	217422	217423	216103	214783	214784	214785	214786	214787	214788	214789	214790	214791	214792	214793	214794	214795	214796	214797	213477	213478	213479	213480	214802	216124	216125	216126	216127
577696	580182	174.58999999999997	174.58999999999995	0.0	577696	577695	577694	577693	577692	577691	579011	579010	579009	579008	577686	576364	576363	575041	575040	575039	575038	575037	573715	573714	573713	573712	573711	572389	571067	571066	571065	571064	571063	571062	569740	569739	569738	571058	571057	569735	569734	568412	568411	569731	569730	569729	569728	569727	569726	569725	569724	569723	569722	569721	569720	569719	569718	569717	569716	569715	569714	569713	569712	569711	571031	571030	571029	571028	571027	571026	571025	571024	571023	571022	571021	571020	572340	571018	572338	573658	573657	574977	574976	574975	574974	574973	574972	574971	574970	574969	574968	574967	574966	574965	574964	574963	574962	574961	574960	574959	576279	576278	576277	577597	578917	578916	578915	578914	578913	578912	578911	578910	580230	580229	580228	580227	580226	580225	581545	581544	581543	581542	580220	578898	578897	578896	578895	580215	581535	581534	581533	581532	581531	581530	581529	581528	581527	580205	580204	580203	580202	578880	578879	580199	581519	581518	581517	581516	581515	581514	580192	578870	578869	578868	578867	578866	578865	580185	580184	580183	580182
662190	659532	17.41	17.409999999999997	0.0	662190	660868	659546	659545	659544	659543	659542	659541	659540	659539	659538	659537	659536	660856	660855	660854	659532
753059	912866	473.48	473.4800000000002	0.0	753059	754380	755701	757022	758343	759664	760985	762307	763629	764951	766273	767595	768916	770237	771559	772881	774203	775525	776847	778169	779491	780811	782132	783454	784776	786098	787420	787421	787422	788744	790066	790067	790068	791389	792710	794031	795352	796674	797994	799315	800637	801958	803280	804601	805922	807242	808563	809884	811205	812526	813847	815168	816488	816487	816486	816485	817805	819125	820445	821765	823085	824405	825725	827046	828366	829687	831007	832327	833647	834967	836287	837607	838927	840247	841567	842887	844207	845527	846847	848167	849487	850807	852127	853447	854768	854767	856087	857407	858727	860047	861367	862688	864009	865329	866649	867969	869289	870609	871930	873251	874571	875892	877213	878534	879855	881176	882497	883818	885139	886460	887781	889102	890423	891744	893064	894384	895704	897024	898344	899664	900984	902304	903624	904944	906264	907584	908904	910225	911545	912866
254257	625440	326.09000000000003	326.09000000000106	0.0	254257	255578	256899	258219	259540	260862	262183	263503	264824	266144	267465	268786	270107	271428	272749	274070	275391	276711	278032	279353	280674	281994	283315	284636	285957	287277	288598	289919	291239	292559	293880	295201	296522	297843	299164	300485	301805	303126	304447	305768	307089	308410	309731	311051	312372	313693	315014	316335	317656	318977	320298	321619	322940	324262	325583	326904	328225	329547	330868	332189	333510	334831	336152	337473	338794	340115	341436	342757	344078	345399	346720	348041	349362	350683	352003	353324	354645	355966	357288	358610	359932	361254	362575	363897	365219	366541	367862	369183	370504	371825	373146	374467	375789	377111	378432	379754	381076	382398	383719	385039	386360	387681	389002	390323	391644	392966	394287	395609	396930	398251	399572	400893	402214	403535	404856	406177	407497	408818	410139	411460	412782	414103	415425	416746	418067	419389	420710	422031	423351	424672	425992	425991	427311	428631	429951	431271	432592	433913	435233	436554	437875	439196	440517	441838	443159	444480	445802	447123	448443	449764	451084	452406	453727	455048	456369	457690	459011	460332	461653	462975	464296	465617	466938	468259	469580	470900	472221	473542	474863	476184	477505	478825	480145	481466	482787	484108	485429	486750	488071	489392	490713	492034	493354	494675	495995	497316	498637	499958	501279	502601	503922	505243	506564	507885	509206	510527	511848	513169	514490	515811	517132	518454	519775	521096	522417	523738	525059	526380	527701	529021	530341	531661	532982	534303	535624	536945	538265	539585	540905	542226	543547	544868	546189	547510	548831	550153	551474	552795	554116	555437	556757	558078	559400	560721	562042	563363	564684	566005	567326	568647	569968	571289	572610	573931	575251	576572	577893	579214	580535	581856	583177	584498	585819	587140	588461	589782	591103	592423	593744	595065	596386	597706	599027	600348	601669	602989	604309	605630	606951	608272	609593	610913	612233	613554	614874	616195	617516	618837	620158	621479	622800	624120	625440
624321	665237	49.400000000000006	49.40000000000001	0.0	624321	625641	626962	628282	629602	630922	632242	633562	634882	634881	634880	636200	636199	637519	638840	640160	641481	642801	642800	644120	645440	646760	648080	648079	649399	650719	650718	650717	652037	653357	654677	655997	657317	658637	659957	661277	662597	663917	665237
668810	670130	3.67	3.67	0.0	670130	668810
653100	653102	2.0	2.0	0.0	653100	653101	653102
525352	518754	12.419999999999998	12.420000000000002	0.0	525352	524032	524033	524034	522714	521394	520074	518754
241059	622999	376.19	376.19000000000193	0.0	241059	242381	243703	245025	246347	247668	248988	250309	251631	252952	254273	255594	256915	258236	259557	260878	262199	263521	264843	266164	267485	268806	270128	271449	272770	274091	275412	276733	278054	279375	280697	282018	283339	284660	285981	287302	288623	289945	291267	292589	293911	295232	296553	297874	299195	300517	301838	303159	304481	305802	307123	308444	309765	311086	312408	313729	315050	316371	317692	319014	320336	321658	322979	324300	325622	326944	328266	329588	330910	330911	332233	333555	334877	336199	337520	338842	340164	341486	342808	344130	345452	345453	346775	348097	349418	350739	352061	353382	354703	356024	357345	358667	359989	361311	362632	363954	365275	366597	367918	369239	370560	371881	373202	374522	375843	377165	377166	378488	379810	381132	382453	383775	385097	386419	387741	389063	390384	391706	393027	394349	395671	396993	398315	399637	400959	402281	403603	404925	406247	406248	407570	408892	410214	411536	412858	414180	415501	416823	418145	419467	420789	422111	423432	424754	426076	427397	428718	430039	431360	432682	434004	435326	435327	436649	437971	439293	440614	441936	443258	444580	445902	444582	445904	447225	448547	449869	451191	452513	453835	453836	455158	456480	457802	459124	460446	461768	463090	464412	465733	467055	468376	469698	471020	472342	473663	474985	476306	477627	478948	480269	481591	482912	484234	485555	486877	488199	489521	490842	492164	493485	494807	496129	497450	498771	500093	501415	502737	504058	505379	506700	508022	509344	510665	511986	513306	514627	515948	517269	518589	519910	521231	522553	523875	525197	526519	527841	529162	530484	531805	533126	534447	535768	537089	538410	539732	541054	542376	543697	545018	546340	547662	548984	550306	551628	552949	554271	555593	556915	558236	559557	560878	562200	563522	564844	566166	567487	568808	570129	571450	572772	574094	575416	576738	578060	579382	580704	582026	583348	584669	585991	587312	588633	589954	591275	592597	593919	595241	596563	597885	599207	600529	601851	603173	604495	605817	607139	607140	608462	609783	611105	612426	613747	615069	616390	617712	619034	620356	621677	622999
209527	212167	3.2	3.2	0.0	209527	210847	212167
654205	668640	134.52	134.51999999999992	0.0	654205	654204	654203	654202	654201	654200	654199	654198	654197	654196	655516	655515	655514	655513	655512	654190	654189	654188	654187	652865	651543	650221	650220	650219	650218	650217	650216	648894	648893	650213	650212	650211	651531	652851	652850	652849	654169	655489	656809	656808	658128	658127	659447	659446	660766	662086	662085	663405	663404	663403	663402	663401	662079	662078	662077	662076	660754	660753	660752	660751	660750	659428	658106	656784	658104	659424	660744	662064	663384	663383	663382	663381	663380	663379	664699	666019	666018	666017	666016	667336	668656	668655	669975	669974	669973	669972	669971	669970	669969	669968	668646	668645	668644	668643	668642	668641	668640
216196	205578	72.52999999999999	72.52999999999999	0.0	216196	216195	216194	214872	213550	212228	212227	210905	210904	210903	209581	208259	206937	205615	205614	205613	206933	208253	208252	208251	208250	208249	208248	206926	206925	206924	208244	208243	206921	206920	206919	206918	206917	206916	206915	206914	206913	206912	206911	206910	206909	206908	206907	206906	206905	206904	206903	206902	205580	206900	205578
677106	711424	47.74999999999999	47.75000000000001	0.0	677106	678426	679746	681066	682386	683706	683705	683704	685024	685023	686343	687663	688983	690303	691624	692944	694264	695584	696904	698224	699544	700864	702184	703505	704825	706145	707465	708785	710105	711425	712745	711424
663482	659524	7.220000000000001	7.22	0.0	663482	662162	660841	659521	659522	659523	659524
177561	178883	1.63	1.63	0.0	177561	178883
649437	657366	7.67	7.67	0.0	649437	650759	652081	653403	654724	656045	657366
581660	577696	3.4299999999999997	3.43	0.0	581660	580338	579017	577696
657366	649446	9.209999999999999	9.21	0.0	657366	656046	654726	653406	652086	650766	649446
641280	649158	50.699999999999996	50.69999999999997	0.0	641280	641279	641278	641277	641276	641275	641274	641273	641272	639950	639949	639948	639947	639946	639945	639944	639943	639942	639941	639940	639939	639938	639937	639936	639935	639934	639933	639932	639931	639930	641250	641249	641248	641247	641246	641245	641244	641243	641242	641241	642561	642560	643880	643879	645199	645198	646518	647838	649158
665132	625440	73.34000000000002	73.34000000000003	0.0	665132	663810	662488	661167	659845	658523	657201	655879	654557	653235	651913	650591	649269	647947	646625	645303	643981	642659	641337	640015	638693	637371	636049	634727	633405	632083	632082	632081	632080	630758	630757	629435	629434	629433	629432	629431	629430	629429	629428	628106	628105	628104	628103	628102	628101	628100	626778	625456	626776	626775	626774	626773	626772	628092	626770	626769	626768	625446	625445	625444	625443	625442	625441	625440
474417	177561	482.77000000000004	482.7699999999994	0.0	474417	473096	471775	470455	469134	467814	466494	465173	463853	462532	461212	459892	458572	457251	455931	454610	453290	451970	450650	449330	448009	446688	445367	444047	442726	441406	440086	438766	437446	436126	434805	433485	432165	430844	429524	428204	428205	428206	428207	428208	426888	425568	425569	424249	422929	421609	420289	420290	420291	418971	418972	418973	418974	418975	418976	417656	417657	416337	415017	415018	413698	412378	411058	409737	408417	408418	408419	407099	405779	405780	404460	403140	403141	401821	401822	400502	399182	397862	396542	395222	393902	392582	391262	389942	388622	387302	385982	385983	384663	384664	383344	382024	380704	379384	379385	378065	376745	375425	375426	375427	375428	375429	374109	372789	371469	370149	368829	367509	366189	366190	364870	364871	366193	364873	363552	362231	360911	359591	358270	356950	355630	354310	354311	352991	352992	351672	351673	352995	351675	351676	350356	350357	350358	350359	350360	350361	349041	347721	347722	347723	347724	347725	347726	347727	346407	345087	343767	342447	342448	342449	341129	341130	339810	339811	339812	339813	339814	339815	338495	337175	335855	334535	333215	331895	330575	329255	327935	326615	326616	326617	325297	323977	323978	322658	322659	322660	321340	320020	320021	320022	320023	318703	318704	318705	318706	318707	318708	318709	317388	317389	317390	317391	316071	316072	314752	313432	312112	310792	309472	308152	306832	306833	305513	304193	302873	301553	300233	300234	300235	300236	300237	298917	298918	298919	297599	296279	294959	293639	292319	290999	289679	288359	288360	287040	285720	285721	284401	283081	283082	283083	281763	280443	279123	277802	276482	276483	276484	276485	276486	276487	276488	276489	276490	276491	276492	276493	276494	276495	275175	273855	273856	273857	273858	273859	273860	273861	273862	273863	273864	273865	272545	272546	272547	271227	271228	271229	272551	272552	272553	271233	271234	269914	269915	268595	267275	265955	265956	264636	264637	263317	261997	260677	260678	259358	258038	256718	255398	254078	254079	252759	252760	251440	250120	248800	247480	246160	244840	243520	242200	240880	239560	238240	236920	235600	234280	234281	234282	234283	232963	231642	230322	229002	227682	226362	225042	223722	222402	221081	219761	218441	217121	215801	214481	213161	211841	210521	209201	209202	209203	209204	207884	207885	207886	207887	206567	205247	205248	203928	203929	203930	202610	201290	201291	201292	201293	201294	199974	198654	197334	197335	196015	194695	193375	193376	193377	192057	190737	190738	190739	190740	189420	188100	188101	188102	189424	189425	189426	189427	189428	189429	189430	189431	189432	189433	188113	186793	186794	185474	184154	182834	182835	182836	182837	181517	181518	181519	180199	180200	180201	178881	177561
156740	200332	44.72999999999999	44.729999999999976	0.0	156740	158060	159380	160702	162022	163343	164663	165985	167306	168626	169946	171267	172588	173909	175230	176551	177872	179193	180515	181836	183157	184477	185798	187119	188441	189762	191083	192404	193725	195047	196369	197690	199011	200332
670130	670134	17.61	17.61	0.0	670130	671452	670132	670133	670134
357169	622782	258.65	258.65000000000003	0.0	357169	357170	357171	357172	357173	358495	359817	361139	362461	363782	365103	366424	367745	369067	370389	371711	373033	373034	373035	373036	373037	373038	373039	373040	373041	373042	373043	373044	373045	374367	375689	377011	377012	378334	379656	380978	382300	383622	384944	386266	386267	386268	386269	387591	388912	390234	391556	392878	394200	395522	396844	398166	399488	400810	402132	403454	404776	406097	407419	408741	410063	411385	412707	414028	415349	416670	417991	419312	420634	421956	423277	424598	425919	427241	428563	429884	431206	432527	433848	435169	436490	437811	439133	440455	441777	443099	444420	445741	447062	448383	449704	451024	452345	453666	454987	456308	457629	458950	460271	461592	462912	464233	465554	466875	468196	469517	470838	472159	473480	474801	476122	477443	478764	480085	481406	482727	484048	485369	486691	488012	489334	490656	491977	493299	494621	495942	497263	498585	499906	501227	502548	503870	505192	506514	507836	509158	510479	511800	513122	514443	515764	517085	518407	519728	521049	522371	523693	525015	526337	527658	528979	530300	531621	532942	534264	535585	536906	538227	539548	540869	542190	543511	544832	546153	547474	548795	550116	551437	552758	554080	555402	556724	558046	559368	560690	562012	563333	564654	565976	567298	568619	569940	571261	572583	573904	575226	576547	577868	579189	580510	581831	583152	584473	585794	587115	588436	589756	591077	592398	593719	595040	596361	597682	599003	600324	601645	602966	604287	605608	606929	608250	609571	610892	612213	613535	614856	616177	617498	618819	620140	621461	622782
341295	229069	140.45	140.44999999999993	0.0	341295	342617	342618	342619	342620	342621	342622	341302	339982	338662	337342	336021	334700	333379	332058	330738	329418	328098	326778	325458	324138	322818	321498	320178	318858	317538	316217	314897	313577	312257	310936	309616	308296	306976	305656	304336	303015	301694	300373	299052	297731	296411	295091	293771	292451	291130	289810	288490	287170	285850	284530	283210	281890	280570	279249	277929	276608	275287	273967	272647	271327	270006	268685	267365	266044	264723	263402	262081	260761	259441	258121	256800	255480	254160	252840	251519	250199	248879	247559	246239	244919	243598	242277	240956	239635	238314	236992	235672	234352	233031	231710	230389	229069
373359	622999	209.17	209.17000000000007	0.0	373359	374680	376001	377322	378643	379964	381285	382606	383926	385246	386566	387887	389209	390530	391851	393172	394493	395815	397137	398458	399779	401100	402421	403742	405063	406384	407705	409027	410349	411671	412993	414315	415637	416959	418280	419601	420922	422243	423564	424885	426206	427526	427525	428846	430168	431490	432812	432813	434135	435457	436779	438099	439420	440740	442061	443382	444703	446024	447344	448665	449986	451307	452627	453948	455269	456589	457910	459231	460551	461872	463193	464514	465835	467155	468476	469796	471116	472436	473757	475079	476400	477720	479041	480362	481682	483002	484323	485644	486965	488285	489605	490926	492246	493567	494888	496209	497530	498850	500170	501490	502811	504131	505451	506772	508092	509413	510733	510732	512052	513373	514694	516014	517335	518655	519976	521297	522617	523938	525258	526578	527899	529219	530539	531859	533179	534500	535820	537140	538460	539780	541100	542421	543741	545062	546383	547704	549025	550347	551668	552989	554310	555631	556952	558273	559594	560916	562237	563558	564880	566202	566203	567524	568845	570166	571487	572808	574129	575450	576771	578091	579413	580734	582055	583375	584695	586016	587337	588658	589979	591300	592620	593941	595262	596583	597904	599224	600544	601864	603185	604506	605826	607147	608468	609789	611110	612431	613752	615073	616394	617715	619036	620357	621678	622999
500823	495532	9.03	9.03	0.0	500823	499501	498179	496857	496856	496855	495533	495532
373359	213487	153.26000000000002	153.26	0.0	373359	372038	370716	369395	368073	366752	365431	364110	362789	361468	360146	358825	357504	356183	354862	353541	352220	350898	349577	348256	346935	345614	344293	342972	341651	340330	339010	337689	336367	335046	333725	332403	331082	329761	328440	327119	325798	324476	323155	321834	320513	319192	317871	316550	315228	313907	312585	311264	309943	308621	307299	305978	304657	303335	302014	300692	299371	298050	296729	295408	294087	292765	291443	290122	288801	287480	286159	284837	283516	282195	280873	279553	278232	276911	275590	274269	272948	271627	270306	268985	267664	266343	265022	263701	262381	261061	259740	258419	257099	255778	254457	253136	251815	250495	249175	247854	246533	245213	243891	242569	241247	239925	238603	237281	235959	234637	233316	231994	230672	229350	228028	226706	226705	225383	224062	222740	221418	221417	220095	218773	217451	216129	216128	214808	213487
159378	99896	88.57000000000001	88.57000000000004	0.0	159378	159377	159376	159375	160695	159373	158051	156729	156728	156727	156726	155404	155403	155402	154082	152762	151440	150118	148796	147474	146152	146151	146150	146149	144828	143507	142185	140864	139543	138222	136902	135581	134260	132939	131617	130295	128974	127653	126331	125010	123688	122366	121044	119722	118400	117078	115757	114435	113113	111791	110469	109147	107825	106503	105182	103862	102540	101218	99896
500823	577696	284.01	284.0100000000002	0.0	500823	500824	500825	500826	500827	500828	500829	500830	500831	500832	500833	500834	500835	500836	500837	500838	500839	500840	500841	500842	500843	500844	500845	500846	500847	500848	500849	500850	502172	502173	503495	504817	504818	503498	502178	502179	502180	502181	502182	502183	502184	503506	504828	503508	503509	502189	502190	502191	502192	502193	502194	503516	503517	503518	503519	503520	503521	503522	503523	503524	503525	504847	504848	506170	506171	507493	507494	506174	506175	506176	506177	504857	504858	504859	506181	507503	508825	508826	510148	510149	510150	510151	508831	508832	508833	507513	507514	507515	507516	506196	506197	506198	506199	506200	506201	506202	507524	508845	510167	510168	510169	510170	511492	511493	511494	511495	511496	512818	512819	512820	511500	511501	510181	510182	510183	510184	510185	510186	510187	510188	510189	510190	510191	510192	510193	510194	510195	510196	510197	510198	510199	511521	512843	512844	512845	514167	514168	514169	515491	516813	516814	516815	516816	518138	518139	519461	520783	520784	520785	520786	522108	522109	523431	524753	524754	526076	526077	526078	526079	527401	528723	528724	528725	528726	528727	528728	528729	528730	528731	528732	528733	530055	530056	530057	530058	530059	530060	531382	532704	532705	532706	534028	534029	534030	534031	534032	534033	534034	534035	535357	535358	536680	538002	538003	538004	538005	538006	538007	539329	539330	540652	541974	541975	541976	543298	544620	545942	545943	545944	545945	545946	545947	545948	545949	545950	545951	547273	548595	548596	548597	548598	547278	547279	547280	547281	548603	548604	549926	551248	551249	551250	552572	553894	555216	556538	556539	556540	557862	559184	559185	560507	561829	563151	564473	565795	565796	567118	568440	569762	569763	571085	572407	572408	573730	575052	576374	577696
621448	637314	20.39	20.39	0.0	621448	622770	624092	625414	626736	628058	629380	630702	630703	632025	633347	634669	635991	637313	637314
662206	662190	47.019999999999996	47.02	0.0	662206	660884	659562	660882	660881	662201	662200	662199	662198	662197	662196	662195	662194	662193	662192	662191	662190
358468	474417	322.74999999999994	322.75000000000074	0.0	358468	359788	361108	362428	362427	363747	363746	363745	363744	363743	365063	366383	367703	369023	370343	371663	371662	372982	372981	372980	372979	372978	372977	374297	374296	372974	371653	371652	371651	371650	371649	371648	371647	371646	371645	371644	371643	371642	371641	371640	371639	371638	371637	372957	372956	374276	372954	372953	372952	374272	374271	374270	374269	374268	374267	375587	375586	375585	375584	376904	376903	378223	378222	379542	380862	380861	380860	382180	383500	383499	383498	384818	384817	386137	387457	387456	388776	388775	390095	391415	391414	392734	392733	394053	395373	395372	395371	395370	395369	395368	396688	396687	396686	396685	396684	398004	399325	399324	399323	399322	400642	400641	401961	401960	401959	403279	403278	403277	403276	404596	404595	404594	405914	405913	407233	407232	407231	407230	407229	407228	407227	408547	408546	408545	408544	408543	408542	408541	408540	408539	408538	408537	409857	411177	412497	412496	412495	412494	413814	415134	416454	417774	419094	419093	419092	420412	420411	421731	421730	421729	421728	423048	423047	424367	424366	424365	424364	425684	425683	425682	427002	428322	428321	428320	428319	428318	429638	429637	429636	430956	430955	430954	432274	432273	432272	433592	433591	434911	434910	434909	436229	436228	436227	436226	437546	438866	438865	438864	438863	438862	438861	440181	440180	441500	441499	440177	440176	440175	440174	440173	441493	442814	444135	445455	446775	446774	446773	446772	448092	448091	449411	449410	450730	450729	450728	452048	453368	454688	454687	454686	454685	456005	456004	457324	457323	458643	458642	458641	458640	459960	459959	459958	459957	459956	459955	461275	462595	463915	465235	466555	466554	467874	467873	467872	469192	469191	469190	469189	469188	469187	469186	467864	467863	467862	467861	469181	469180	467858	467857	467856	467855	467854	467853	466531	466530	466529	466528	466527	466526	466525	466524	466523	466522	466521	466520	466519	466518	466517	466516	466515	466514	466513	466512	467832	469152	469151	469150	469149	467827	469147	469146	469145	470465	471785	471784	473104	473103	473102	473101	473100	474420	474419	474418	474417
573753	586970	13.74	13.74	0.0	573753	575074	576396	577717	579039	580361	581682	583004	584326	585648	586970
684605	672708	33.13	33.13	0.0	684605	685925	684603	683282	681961	680640	679318	677996	676674	675352	674030	672708
81349	80029	4.21	4.21	0.0	81349	80029
525352	373359	154.22	154.2199999999999	0.0	525352	524030	524029	524028	524027	522705	521383	520061	518739	517417	516095	514773	513451	512129	510807	509485	508164	506843	505522	504200	504199	504198	502877	501556	500235	498914	497593	496272	494950	493629	492308	490986	489666	488346	487024	485702	484381	483059	481737	481736	480414	479092	477770	476448	475126	473805	472483	471161	469839	468517	467196	465874	464552	463230	461909	460587	459265	457943	456621	455299	453977	452655	451333	451332	451331	450009	448687	448686	447364	447363	446041	444719	443397	442075	440754	439433	438112	436791	435470	434148	432826	431504	430182	428860	427538	426216	424894	423573	422252	420930	419609	418287	416965	415644	414323	413002	411681	410360	409039	407718	406397	405075	403754	402433	401112	399791	398469	397148	395827	394506	393184	391862	390540	389218	387896	386574	385252	383930	382609	381287	379965	378644	377323	376002	374681	373359
665006	659718	23.720000000000002	23.72	0.0	665006	665007	663685	662363	662362	661040	659718
668640	672708	147.04999999999998	147.05000000000004	0.0	668640	669962	669963	669964	669965	671287	672609	673931	673932	673933	673934	673935	672615	672616	672617	672618	673940	675262	675263	675264	676586	676587	676588	676589	676590	676591	676592	676593	676594	676595	675275	675276	675277	675278	675279	675280	675281	675282	673962	673963	673964	673965	673966	673967	673968	673969	673970	673971	673972	673973	673974	673975	673976	673977	675299	676621	676622	676623	676624	676625	677947	677948	677949	677950	677951	677952	677953	677954	677955	677956	677957	677958	677959	677960	677961	679283	680605	681927	683249	683250	683251	683252	683253	683254	683255	684577	684578	684579	684580	684581	683261	681941	681942	680622	680623	679303	677983	676663	675343	675344	674024	672704	672705	672706	672707	672708
243696	180220	128.8	128.79999999999995	0.0	243696	242374	241052	241051	242371	242370	242369	242368	242367	242366	242365	242364	242363	242362	242361	242360	242359	243679	243678	243677	243676	243675	243674	243673	243672	243671	243670	243669	243668	243667	243666	243665	243664	243663	243662	243661	244981	246301	247621	248941	250261	250260	248938	248937	247615	246294	244973	243651	243650	243649	242327	241005	239683	238361	238360	237038	235716	234394	234393	233071	233070	231748	230426	229104	227782	226460	225138	225137	223815	222495	221174	219853	218532	217212	215891	214570	213249	211928	210607	209286	207965	206644	205324	204003	202682	201361	200040	198720	197399	196077	194755	193435	192113	190791	189469	188148	186827	185506	184185	182864	181542	180220
517437	250684	255.26000000000002	255.25999999999985	0.0	517437	516117	514796	513475	512155	510835	510836	509516	508196	506876	505556	504236	502916	501596	500276	498956	497635	496315	494994	493674	492354	491034	489714	488394	487074	485754	484433	483112	481791	480471	479151	477831	476511	475191	473870	472549	471229	469909	468589	467268	465948	464628	463308	461988	460668	459348	458028	456708	455388	454068	452748	451427	450106	448786	447466	446145	444824	443503	442183	440863	439543	438223	436903	435583	434263	432943	431623	430303	428982	427662	426342	425022	423702	422382	421062	419742	418422	417102	415782	414462	413142	411822	410502	409182	407862	406542	405222	403902	402582	401262	399941	398620	397300	397301	395981	394660	393339	392017	390696	389375	388055	386735	385413	384092	382771	381450	380129	378808	377488	376167	374847	373527	372206	370886	369565	368245	366924	365604	364284	362964	361643	360322	359001	357680	356359	355038	353717	352396	351076	349755	348435	347115	345794	344473	343152	341831	340510	339189	337868	336546	335225	333904	332583	331263	329942	328621	327301	325981	324661	323341	322020	320699	319379	318058	316737	315416	314095	312773	311452	310131	308810	307489	306168	304847	303526	302205	300885	299565	298244	296924	295603	294282	292961	291640	290319	288998	287677	286356	285035	283714	282393	281072	279750	278429	277108	275786	274465	273144	271822	270500	269179	267858	266537	265216	263895	262573	261251	259930	258609	257288	255967	254646	253325	252004	250684
660008	665248	50.85000000000001	50.85	0.0	660008	661328	661327	661326	661325	661324	661323	661322	662642	662641	662640	662639	662638	661316	661315	659993	659992	659991	659990	661310	662630	663950	665270	665269	663947	663946	663945	663944	663943	663942	663941	663940	665260	666580	667900	667899	667898	667897	667896	667895	667894	667893	666571	666570	665248
659718	649158	29.729999999999997	29.729999999999997	0.0	659718	658397	657077	655757	654437	654438	653118	651798	650478	649158
112934	180220	113.41999999999999	113.41999999999997	0.0	112934	114254	114253	114252	114251	114250	114249	114248	115568	116888	116887	118207	119527	120847	122167	123487	123486	123485	124805	124804	124803	124802	124801	124800	124799	126119	126118	126117	126116	127436	128756	130076	131396	132716	134036	135356	136676	137996	139316	140636	141956	143276	144596	145916	147236	148556	149876	151196	152516	153836	155156	156476	157796	159116	160437	161758	163079	163078	164398	164397	165717	167037	167036	167035	167034	168354	169674	170994	170993	172313	173633	173632	173631	173630	173629	173628	173627	173626	173625	174945	176265	177585	177584	177583	178903	178902	178901	178900	180220
254554	218842	50.67999999999999	50.679999999999986	0.0	254554	253232	251910	250588	250587	250586	250585	249263	247941	246619	246618	245296	243974	242652	241330	240008	238686	238685	237363	236041	234719	233397	232076	230754	229433	228111	226789	225467	225466	225465	225464	225463	225462	225461	225460	225459	225458	224136	222814	221492	221491	221490	221489	220167	220166	220165	220164	218842
593595	584379	33.43000000000001	33.43	0.0	593595	592275	590955	589635	589636	589637	589638	589639	589640	589641	589642	589643	589644	589645	589646	589647	589648	589649	589650	588330	588331	588332	588333	587013	587014	585694	585695	584375	584376	584377	584378	584379
178883	229069	52.28	52.28	0.0	178883	180204	181524	182845	184167	185488	186808	188129	189450	190770	192091	193413	194734	196054	197374	198695	200016	201336	202656	203976	205296	206617	207938	209259	210580	211901	213222	214542	215862	217183	218503	219824	221144	222464	223785	225106	226427	227748	229069
622782	637314	13.169999999999998	13.169999999999998	0.0	622782	624103	625424	626745	628066	629387	630708	632029	633350	634671	635993	637314
662190	663491	21.59	21.59	0.0	662190	662189	662188	662187	662186	660864	660863	660862	660861	660860	660859	660858	662178	663498	663497	663496	663495	663494	663493	663492	663491
178883	180218	20.559999999999995	20.559999999999995	0.0	178883	178884	180206	181528	182850	181530	180210	181532	181533	181534	180214	180215	180216	180217	180218
180218	178898	1.48	1.48	0.0	180218	178898
180220	178898	2.22	2.22	0.0	180220	178898
581660	580341	7.659999999999999	7.659999999999999	0.0	581660	581661	580341
507333	753059	265.52	265.5200000000004	0.0	507333	508654	509975	511295	512615	513936	515257	516578	517898	519218	520538	521859	523180	524501	525821	527141	528462	529782	531102	532423	533743	535063	536383	537703	539024	540345	541666	542987	544308	545629	546950	548271	549592	550913	552234	553555	554876	556197	557518	558839	560160	561482	562803	564124	565445	566767	568088	569409	570730	572051	573373	574693	576014	577335	578656	579976	581296	582617	583937	585257	586578	587899	589220	590541	591862	593183	594504	595825	597146	598467	599787	601108	602429	603750	605071	606392	607713	609034	610354	611675	612995	614316	615637	616958	618279	619600	620921	622242	623563	624883	626205	627526	628847	630167	631487	631486	632806	634126	635446	636766	638086	639406	640726	642047	643369	643370	644690	646012	647333	647334	647335	648656	649978	651300	652621	653941	655263	656584	657905	659227	660549	661869	661868	663190	664512	665834	667156	668477	669799	671121	672442	673764	675086	676407	677729	679051	679052	679053	680375	681696	683018	684340	685661	686982	688302	689623	690943	692263	693583	694904	696225	697545	698866	700187	701508	702829	704150	705471	706792	708113	709434	710755	712075	713396	714717	716039	717361	718683	718684	720006	721328	722650	723972	723973	723974	725296	726618	727940	729262	729263	730585	731907	733229	734551	734552	735874	737196	738518	739839	741161	742483	743805	745127	745128	746450	747772	749094	750416	751737	753059
677106	665237	19.700000000000003	19.700000000000003	0.0	677106	677107	675787	674467	674468	674469	674470	674471	674472	673152	671831	670511	670512	669192	667872	666552	665232	665233	665234	665235	665236	665237
269118	270438	4.38	4.38	0.0	270438	269118
358468	394128	34.78	34.779999999999994	0.0	358468	359789	361110	362431	363751	365071	366392	367713	369034	370355	371676	372997	374317	375637	376957	378277	379597	380917	382237	383558	384878	386200	387522	387523	388845	390166	391487	392808	394128
654205	655527	1.38	1.38	0.0	655527	654205
621448	622782	11.66	11.66	0.0	621448	621449	621450	621451	621452	621453	621454	621455	621456	622778	622779	622780	622781	622782
115623	112934	59.740000000000016	59.74000000000004	0.0	115623	114302	112981	111660	110338	110337	110336	109014	107692	106370	105048	103726	105046	105045	105044	105043	105042	105041	105040	105039	105038	105037	105036	105035	105034	105033	106353	107673	108993	108992	108991	108990	110310	110309	110308	110307	110306	110305	111625	112945	112944	112943	112942	112941	112940	112939	112938	112937	112936	112935	112934
357169	346579	18.939999999999998	18.94	0.0	357169	357168	357167	357166	357165	357164	357163	357162	357161	357160	357159	355837	354515	354514	354513	354512	354511	353189	351867	350545	349223	347901	346579
254554	269118	36.38	36.38	0.0	254554	254555	255877	257199	257200	258522	259844	259845	261167	262489	263811	265133	265134	266456	266457	267779	269101	269102	269103	269104	267784	267785	267786	266466	266467	266468	266469	266470	266471	265151	265152	265153	266475	267796	269118
551800	660008	135.76	135.76	0.0	551800	553120	554440	555760	557080	558400	559720	561040	562360	563681	565001	566322	567643	568963	570283	571603	572923	574244	575564	576884	578204	579524	579523	579522	580842	580841	580840	580839	580838	582158	583478	584798	586118	587438	587437	588757	590077	591397	592717	594037	595357	596677	597997	597996	599316	600636	600635	601955	603275	603274	603273	604593	605913	607233	608553	609873	611193	611192	612512	612511	612510	612509	613829	615149	616469	617789	619109	620429	621750	623070	624390	624389	624388	624387	624386	625706	627026	627025	627024	628344	629664	630984	630983	632303	633623	634944	636264	637584	638904	640224	641544	642864	644184	645504	645503	645502	646822	648142	649462	650782	652102	653422	653421	654741	656061	657381	658701	660022	660021	661341	661340	661339	661338	661337	661336	661335	661334	661333	661332	661331	661330	660008
212167	213487	1.48	1.48	0.0	213487	212167
500823	580182	124.43999999999998	124.43999999999997	0.0	500823	502145	503466	504788	506109	506110	507432	508754	510076	511398	511399	511400	511401	512723	514045	515367	516689	518011	519333	520655	521977	523299	524621	525943	525944	525945	525946	525947	527269	528591	529913	531235	532557	533879	535201	536523	536524	536525	537847	537848	537849	537850	537851	537852	537853	537854	537855	537856	537857	537858	537859	537860	537861	536541	537863	539185	539186	539187	539188	540510	540511	541833	541834	543156	544478	544479	544480	545802	547124	548446	549768	551090	552412	553734	553735	555057	556379	557701	557702	557703	557704	559026	560348	561670	562992	562993	562994	564316	565638	565639	566961	568283	569605	569606	569607	570929	572251	573573	574895	576217	577538	578860	580182
180218	229069	55.50999999999999	55.51000000000002	0.0	180218	181539	182859	184180	185502	186823	188144	189465	190786	192107	193427	193426	194746	196066	197386	198707	200027	201348	202669	203990	205310	205309	206629	207949	209269	210589	211909	213229	214549	215869	217189	218509	219829	221149	222469	223789	225109	226429	227749	229069
346579	341295	14.11	14.11	0.0	346579	345257	343937	342616	341295
690991	668640	147.29000000000002	147.29000000000002	0.0	690991	690992	689672	690994	690995	690996	689676	688356	688357	688358	689680	689681	689682	691004	691005	689685	688365	687045	687046	687047	687048	687049	687050	687051	687052	687053	685733	685734	684414	683094	681774	681775	680455	679135	677813	677814	676493	675172	673852	672531	671210	669890	668570	667249	665929	664609	663289	661968	660648	659328	658007	656686	655366	655367	656689	658010	658011	659333	660655	660656	660657	660658	659338	659339	660661	659341	659342	659343	659344	659345	659346	659347	659348	659349	659350	659351	659352	659353	659354	659355	660677	661999	663321	663322	664644	664645	664646	664647	665969	667291	667292	667293	667294	667295	667296	667297	665977	664657	664658	664659	664660	665982	667304	668626	668627	668628	668629	668630	668631	668632	668633	668634	668635	668636	668637	668638	668639	668640
663482	663491	9.99	9.99	0.0	663482	663483	663484	663485	663486	663487	663488	663489	663490	663491
662206	664847	2.54	2.54	0.0	662206	663526	664847
171222	205577	39.02	39.02	0.0	171222	172544	173866	175187	176509	177831	179153	180475	181797	183119	184440	185760	187081	188402	189723	191044	192365	193686	195007	196328	197649	198970	200290	201611	202933	204254	205576	205577
